[{"type": "wannier"}, {"matrices": {"(-3, 1, 1)": [[[-0.0003935, -0.00192325, -0.000232, 0.0005465, -0.00045025, -0.000296, -0.0011285, -0.00065175, -0.0005945, -8.525e-05, 0.00058275, -8.625e-05, -0.00014975, 0.0001755, 0.00138275, 0.0003515, -0.00020225, 0.00074025, -0.00055925, -0.001633, 0.001039, -0.00164975, -0.001079, 0.000408, -0.000584, -0.00079325, -0.00377225, 0.0004015, 0.00162375, -0.000711], [-1.45e-05, -0.002576, -0.00150975, -0.0010195, 0.00082375, 3.25e-05, 0.00558125, 0.0016225, 0.0004355, -0.0004545, -9.15e-05, 5.35e-05, 7.65e-05, 0.000947, -0.00054475, -0.001883, 0.000501, 0.00036825, -0.001115, 0.00243225, -0.0018035, 0.00041625, -0.00164775, -0.00145025, -0.00018725, -0.0012355, 0.000278, 0.00047825, -0.00126675, 0.000361], [3.25e-06, -0.0018655, -0.00062875, -0.00022375, 2.35e-05, 0.00065875, 0.00238825, 0.00032, 0.00029325, 0.00046475, -0.00034325, -1.575e-05, -0.0002325, -0.00063575, -0.0010605, -0.00051825, 0.00076825, 0.00047175, -0.0001255, 0.000701, 6.725e-05, -0.0009285, 0.001022, 0.0002635, 0.00018175, 0.000594, -0.00288, 0.0006455, 0.0001505, -0.001719], [0.00069675, -0.00075225, 0.000684, -0.000471, 0.00015575, -1.775e-05, -0.000344, 0.00068375, 0.00045425, 0.0006915, -0.00069125, 0.00050525, 7.2e-05, 0.0005075, -0.002204, -4.025e-05, -0.0005515, -0.00089075, 0.0007345, 1.175e-05, 0.0019935, -0.0032225, -0.001624, -0.0018375, 0.000852, -0.0031445, -0.0006845, 0.0016695, 0.00078725, 0.0038635], [0.00039375, -0.000741, 0.0002425, 0.000147, -0.0010005, -0.0005865, -0.000458, 0.00018525, -0.00053625, 0.00074525, 0.00062775, 0.00040375, -0.000778, 0.00110925, -0.00329275, 0.0007575, -0.0001885, 0.00025, 9.9e-05, -8.85e-05, -0.00016825, -0.000989, 0.00077975, 0.00141625, -0.000141, 0.00069275, 0.0011135, -0.0012325, 0.000125, 0.00595575], [0.0005615, 0.00012, 0.00078425, -0.00036875, 0.00013475, -0.0005445, 0.00188275, 0.00062125, 0.00020275, -0.00069475, -0.000491, 0.00027825, 0.000262, 0.0005675, 0.003032, 0.000329, -0.0008635, 0.000931, -0.00025675, 0.00103225, 0.001827, 0.000639, 0.00028425, -0.00054325, -0.0017685, 0.0009235, 6.125e-05, 0.00054175, -0.000903, 0.00392675], [0.00029025, 0.0011085, 0.00043425, 0.00017225, -0.0011135, -0.00185075, -0.002606, -0.0005545, -0.000169, -0.00045, 0.00039475, 0.00030675, 0.00035225, 0.0001205, 0.0008275, -0.000191, -0.00099325, -0.00086725, -6.75e-05, 0.000559, -0.001034, -0.00024025, 0.00166275, -0.0013075, 0.00691325, 0.000424, 0.00066775, 0.000352, -0.0029135, 0.00423375], [-0.000446, -0.0023425, -0.00055475, 0.0005425, -4.875e-05, -0.00034325, 0.00101575, -0.0006085, -7.075e-05, -0.00068225, 0.0004545, -0.0003555, 0.0002585, 0.00010925, 0.0010145, -0.0003365, 0.00028875, 0.000822, -0.00090925, -0.00055125, 0.00168675, -0.0007075, -0.0014425, 0.00184425, 0.00089375, -0.00133425, -0.00131175, -0.0004055, -0.001191, 0.00115075], [0.00024875, 0.000842, 0.000175, -9.3e-05, 0.00070675, -0.00016225, 0.0002195, 5.075e-05, -0.000635, -0.0008075, -0.0004235, 0.0009045, -0.00061775, -0.0002765, -0.00030275, 0.00078325, -0.00055175, 0.00018875, -0.000425, 6.275e-05, 0.0006625, -0.00043825, -0.0001865, -0.001203, 0.0009095, -0.0007385, 0.00020175, 0.000211, -0.001346, 0.00036975], [0.00112075, 1.95e-05, -0.00045775, -0.000962, 0.00026075, 0.000855, 0.00133225, 0.0009905, 0.00035475, -0.000587, -0.0006295, 1.75e-05, 0.0006785, -0.00028625, 0.00041375, 0.000585, 0.0007185, 2.9e-05, -0.000315, 0.00069125, 0.00183, 0.000904, 0.00022525, -0.0018225, -0.000377, 0.0014455, 0.00079275, 0.00041225, -0.00034525, 0.00225725], [0.0009315, 0.001096, 0.000584, -0.00077775, 0.00059375, 0.000481, 0.002538, 0.0009245, 0.00065525, -0.000129, -0.00090075, 0.00021525, 0.00028475, 0.0002245, -0.0040895, -0.0004015, -4.925e-05, -0.00026625, 0.00041975, 0.001068, 0.00034175, -0.0014985, -0.00166325, -0.003472, 0.00133925, -0.00423175, 0.001017, 0.00153775, -0.00137225, -0.00088625], [0.000496, -0.0001585, 7.25e-06, -0.00071675, -0.0008235, 0.00036925, 0.00239075, 0.00065225, 0.00078375, 0.00012075, -9.775e-05, -0.000604, 0.0006435, 0.0002995, 0.0009565, -0.00087425, 0.00046925, 0.0003575, 0.00086275, -0.000167, 1.975e-05, 0.0013815, 0.0003565, 7.2e-05, 0.0010265, -0.0011585, -0.0022395, -0.00120775, -1.925e-05, -0.00098475], [-3.05e-05, 0.00058475, 0.0002125, 0.0003345, 0.00067475, -0.0004575, -0.00253525, -0.00037875, -0.000748, 3.125e-05, -0.0004735, 0.00102375, -0.00048475, 3.8e-05, 0.00041925, 0.001125, -0.00075225, -0.000756, -0.00029875, -9.6e-05, 0.002001, 0.0058365, -0.00084425, -0.00371425, -0.0007045, -0.00159725, 0.00067275, -0.00048975, -9.25e-05, -0.0016475], [-0.00033975, -0.00137075, -0.00065225, -8.15e-05, 0.00054125, 0.000487, 0.0013475, 0.000138, 0.000426, 0.00041925, 0.00035675, -0.0005645, 7.425e-05, -0.00067475, -0.00208275, -0.0006665, 0.00097775, 0.00023525, -0.0007435, 0.000377, 9.575e-05, -0.00389175, -0.00044775, 0.00403225, 0.00017975, -0.001851, 0.000159, -0.0006585, 0.0006565, -0.00038375], [3.6e-05, -0.0004785, 0.000786, -1.325e-05, 0.0016985, -0.00121075, 0.00720025, -0.00148, -0.00265225, -0.00206725, -0.000312, -0.00272475, -0.001307, 0.00248425, -0.0010095, 0.00015275, -0.0025585, 0.00032, -0.00205675, -0.00045675, 0.000589, 0.00409925, 0.0010355, -0.001376, -0.00014675, 0.00122975, 0.0006505, -0.0011205, -0.00222575, -0.0023665], [3e-05, 0.0006345, 0.0003415, -6.175e-05, -0.001538, -0.00012325, -0.00157325, 0.0002235, 0.00065575, 0.00089325, 0.00048075, -0.00061575, 0.000662, 0.00033625, 0.001078, -0.0006285, -7.9e-05, 0.00018525, 0.00047675, 0.0004715, 0.00134025, -0.0009195, 0.001087, -0.0017385, 0.000209, 0.0012775, -0.0016855, -0.001185, 0.00020925, 0.00147175], [0.000693, 0.0001065, 0.00094925, 0.00017925, 0.00056225, -0.00068675, 0.0013745, 0.00024925, 0.000403, -0.00086475, 1.775e-05, -0.00043725, 0.00052625, 0.00102075, 0.0010815, -7.875e-05, -0.00090825, 0.00013575, 1.225e-05, 0.0004135, 0.00037425, -0.001448, 0.00044675, -0.00062375, -0.001646, 0.00011375, 0.00165475, 0.00046725, -0.000624, 0.00378275], [-0.0006635, -0.001038, 0.0008365, 0.000804, -0.0001235, 0.00020475, -0.00015775, -0.0006185, 0.00049875, 0.00061275, 0.000343, 9.05e-05, 0.00041275, -0.00055675, 0.0002675, -0.00036775, -0.000175, -0.0002135, 0.00037675, -0.00088125, -0.00065625, -0.000328, 0.00041825, 0.00058475, 0.00024725, 0.00031925, 9.575e-05, 0.00174625, 0.00114875, 0.00205975], [-0.00010025, 0.00066225, -0.0006685, -0.0004955, 6.6e-05, 4.425e-05, 0.00065575, 0.000359, 0.00021425, -0.00021125, -0.00059225, -0.000512, -0.00032925, -0.00021475, 0.00016725, -0.00045725, -7.85e-05, -8.825e-05, -0.0006295, 0.00060625, 0.00091575, 0.00181125, -0.0003095, 8.05e-05, 0.00044525, -0.00059125, -0.00133725, -0.000764, -0.00117675, -0.0039035], [-0.002422, 0.00043175, 0.0012015, 0.0017505, -0.00069475, -0.00045075, -0.00195725, -0.00189475, -0.00055675, 0.0008965, 0.0014935, 0.000998, -0.0009465, 0.0005345, 0.0015405, 0.0001165, -0.001165, -0.0008925, 0.00051675, 0.004009, -0.000367, -0.0006875, -0.00044, -0.0002335, -0.0005065, -0.00027425, 0.0023315, 0.00047375, -0.0037305, 0.000854], [-7.2e-05, -0.0002595, 0.0012915, -0.00015075, 0.0001675, -0.00161625, 0.0020745, 0.000362, -0.00044475, -0.000245, 0.00060825, 0.001676, -0.000282, 0.0004185, -0.004177, 0.0003235, -0.00049225, 0.00106425, 0.0015545, 0.00059025, -0.00173175, -0.00116525, 0.0031085, -0.000847, 9.6e-05, -0.00167625, -0.00113375, 0.00036125, 0.00058, 0.0013375], [-0.003522, -0.0002375, -0.000295, 0.00078575, 0.0002755, -0.00269275, 0.00157075, 0.00013975, -0.0005105, -0.001041, 0.00027675, 0.00173325, 0.002339, 0.00047925, -0.0007165, -0.0002955, 0.001148, -0.00076475, -0.002531, 0.00167225, -0.00212175, 0.00157, -0.00049125, -0.00404325, -0.000737, 0.00198, -3.775e-05, 0.00092525, 0.000331, -0.000446], [-0.00105225, -0.00173925, 0.0009095, 0.00030725, 0.00071175, 0.0003525, 0.00103775, -0.00093075, -0.00028, 0.0003395, 0.0006455, -0.00017925, 0.00054125, 0.00032975, -0.00034375, -0.0010305, 3.525e-05, -0.0003075, 0.00086125, -0.0006635, -0.0009625, -0.00077275, 0.0035935, 0.00089725, 0.000431, 0.00092325, -0.0028135, 0.00040825, -0.0002725, -0.00078625], [0.00129075, -0.00049175, -0.0004395, 0.0020895, -0.000301, -0.00028825, -0.00430325, -0.0008265, 0.00169225, 0.00233025, 0.002579, -0.00235075, 0.002631, 0.000601, 0.001458, -0.001106, 0.001075, -0.00100625, -0.000805, -0.00159, 0.000837, -0.00432225, 0.00027925, 0.00058225, 0.0008025, 0.0024635, -0.000651, -0.0006965, 0.00128275, -0.00274525], [-3.5e-05, 0.000131, 0.000161, 0.0001935, -8.875e-05, -0.00021525, 0.0005685, 0.000104, 8.075e-05, 0.00048425, -0.00016375, 5.375e-05, -0.000264, 0.00010825, -7.975e-05, 0.0002165, -0.00017525, -0.000454, -0.0001425, -0.00073975, -0.000384, -0.0010065, 0.00012375, 0.00294325, -0.00059775, 0.000149, -0.000139, -1.575e-05, 0.0004245, 0.000378], [-0.001101, -0.00165975, 0.00211775, 0.0009265, 0.0007465, -0.00086125, 0.0016395, -0.00148075, 0.00027775, 0.00062675, 0.00059725, -0.000302, 0.00115425, 0.002315, 0.00071925, -0.0014675, -0.00093425, -6.7e-05, -0.00019825, 0.0002285, -0.0005755, 0.000311, 0.00207875, 0.00290375, -5.05e-05, -0.0011315, -0.000561, -0.000172, -0.00014, -0.00052125], [0.00088175, 0.00058625, 0.0007165, 0.0004175, -0.0014615, -0.000791, -0.0001725, 0.000327, -0.0009345, 0.00079375, 0.00030325, -3.525e-05, -0.00063125, 0.00270425, 0.00033225, 0.0008795, -0.0004345, 0.0004315, -0.0010505, 0.002604, -8.35e-05, -0.0008975, -0.0026385, -0.00062925, -0.00031725, -0.00089875, 0.000885, 9.75e-05, -0.00055125, -0.00056125], [-5e-05, -0.00087975, 0.00038875, 8.05e-05, 0.00063825, -0.00015775, 0.0003005, -0.00029, 0.000301, -0.0001735, 0.00029925, -0.0002085, 7.675e-05, -0.0001295, -0.00024525, -0.00025325, -7.375e-05, -0.00075375, 7.375e-05, 0.0003675, -0.00022275, 0.00077525, 0.00047525, -0.00032025, -4.975e-05, 0.0002715, -0.000489, -0.0005335, -0.0010025, -9.875e-05], [0.0029125, 0.00024075, -0.001686, -0.00117225, -0.00031475, 0.00042025, 0.0017265, 0.00160425, 0.00073875, -0.0004795, -0.00111475, -0.00071725, 0.00105625, -0.00140825, 0.0010845, -0.0004695, 0.000658, 0.00161275, 0.0005155, -0.00355925, 0.00013725, 0.00225375, -0.0005885, -0.00444525, 0.00088425, -0.000869, 0.000333, -0.00078775, 0.0020035, -0.000991], [-0.000316, -0.0006595, 0.00063425, 0.00022525, -0.002048, -0.000106, 0.0010675, -0.001094, -0.00072775, -0.00139425, 0.000275, 0.000564, -0.00016275, -0.0006235, 0.0013345, 0.00016475, -0.000833, -0.0008365, -2.125e-05, 0.00061025, 0.00098825, -0.00071125, -0.000589, -0.0029365, 5.325e-05, -0.00063725, 0.0003315, -0.00010225, -0.00125925, -0.0016755]], [[-4.825e-05, -0.00020125, 0.00017425, 4.225e-05, -0.0003265, -0.000209, -0.0026325, -0.00012575, 0.00015975, 0.00075575, -3.9e-05, -0.00018725, 0.000106, 0.000287, 0.0031725, -0.0001085, -3.9e-05, -0.0004515, -0.00022925, -0.00075125, -0.0001735, 0.00019075, -9.225e-05, 0.0020555, 0.00010325, -7.175e-05, 0.00063025, -3.875e-05, 0.000958, 0.00035025], [0.0017215, 0.00120825, 0.001889, 0.0011035, 0.0011755, 0.001081, -0.0007325, -0.00077775, 0.00122, 0.000858, -3.525e-05, 0.00029, 1.95e-05, 0.0025925, 0.00072675, -0.00051875, -0.0011355, -0.000806, -0.0006335, 0.000591, 0.00044925, 0.0006625, 0.000333, -0.00013375, 0.00064125, -0.0019055, 0.0011485, -0.00094, -0.00027575, -0.0001265], [-0.00016725, 0.000577, -3.225e-05, 0.00038275, -0.00049225, -5.075e-05, 5.725e-05, -8.025e-05, 9e-06, 0.00027275, 0.00012125, -6.75e-06, 0.0001485, -2.925e-05, 0.00160625, 0.000107, 0.00025875, -0.00042775, 0.00039, -0.00042275, -0.0010605, 7.075e-05, -4.375e-05, 0.003243, -9.675e-05, 0.000728, 0.0001095, -9.15e-05, 0.000707, -0.00047925], [0.0002215, 0.0033355, 0.0002185, -2.325e-05, 0.00034975, -9.375e-05, -0.0001245, -3.15e-05, -0.000186, -0.0002445, 0.00019375, 8.9e-05, -0.00012025, -0.00018575, 0.0004545, 3.225e-05, 1.125e-05, -0.00045075, 0.00027625, -0.0011785, -0.000208, -3.25e-05, 0.00085075, 0.00237625, -0.00019125, -0.00071275, -0.00056675, 0.0003555, -0.0001125, -0.00016575], [-0.00015675, -0.00062375, -0.0001195, 0.000454, -0.00045775, -0.00036725, -0.00104375, -0.00018825, -0.00024125, -0.0010055, 2.3e-05, 0.00030775, -0.00055575, 0.000675, -0.002075, 0.00030425, -0.00032575, 0.00047275, -0.00017975, 0.00049825, -0.002058, -7.725e-05, -8.475e-05, 2.55e-05, 0.0006725, -0.00084525, -0.00090225, -0.0007295, -0.000605, -0.000771], [0.0004165, 0.0008225, 0.00019625, -0.00029125, 0.00068725, 0.000169, 0.00157775, 0.00027825, 9.225e-05, 0.00015225, -0.000105, -0.000173, -0.0001235, 8.675e-05, 0.0002055, 0.0001895, -0.000291, -0.000144, -7.475e-05, 0.0003425, -0.0008535, 0.0014, -0.00059625, -0.00101975, 0.0005805, -0.00153625, 0.00129575, 0.000279, 8.175e-05, -0.00064225], [-4.575e-05, -0.0007095, -0.0003535, -0.00181725, 0.00033075, 0.00139375, 0.000243, -0.00020625, -0.00023575, -0.00114725, -0.00086475, -0.00024075, -0.00069175, 0.0002965, 6.125e-05, 0.00091075, 0.000488, 0.0002355, -0.00086825, -0.00035775, -0.00071725, 0.0002485, 0.000932, -0.00052725, -0.002508, 0.000325, -0.0015115, 0.0002745, 0.00135075, -0.00019425], [-0.00024, -0.00065375, 8.25e-06, 0.00013075, 0.00020425, 8.35e-05, -0.0004965, -0.0002205, 0.00033275, 6.75e-06, 1.55e-05, -0.000458, 0.00023825, 3.1e-05, 0.00073825, -0.000267, 7.075e-05, 0.00017975, 0.00032575, -0.00059525, 7.6e-05, -0.0006705, -0.00044375, 0.0002795, -1.1e-05, -0.00034175, 0.0001895, 0.00013525, 0.00065525, -0.000876], [0.0001535, 0.00096825, 7.25e-05, 4e-05, 6.625e-05, -0.0001295, -0.000399, -0.000233, -6.125e-05, 0.00017325, 4.7e-05, -3.85e-05, -0.00023, 0.00028575, 0.003524, 0.0002695, -0.00027675, 0.00011925, -0.000338, -0.00084225, 0.00111925, -0.00081625, -0.000378, 0.0033245, -0.0002445, 0.00042, -0.00027575, -5.225e-05, 0.000579, -0.00100375], [9.625e-05, 0.00081, -0.000152, -0.00010725, -0.000229, 0.000297, 0.0012025, 0.000435, -0.000136, 0.0004925, -0.00061525, -0.00022125, 0.00027975, -0.000375, 3.125e-05, 0.000167, 8.775e-05, 0.00056425, 0.00030625, -7.575e-05, -0.00033975, 0.00035275, -0.00133075, -0.0010865, 0.00057675, -0.000142, -0.00015425, -0.00023975, -0.00103575, 0.0009425], [0.00031475, -0.00039675, -5.95e-05, -0.00016875, 0.00017, 1.55e-05, 0.00177075, 9.675e-05, -0.00028575, -0.00023725, -0.00018775, 0.000276, -0.0002725, -0.00017075, -8.5e-06, 0.0002465, 0.0001355, -0.000236, 0.00014725, -0.0007765, -0.0009, 0.00029575, 0.0008115, 0.0033015, -0.00011575, 0.0003285, -0.0020635, 0.0009055, -0.0010235, 0.0017965], [0.000288, -0.0023105, -2.1e-05, -0.000125, 0.0001025, 5.175e-05, 0.001162, 0.000262, -0.00014025, 3.45e-05, -0.000249, 0.00021225, -0.000209, -4.875e-05, -0.0004935, -0.00036275, 5.375e-05, 7.275e-05, 1.675e-05, -0.00075025, 0.00113025, -0.00229725, 0.00077075, 0.00245075, 0.00022675, 0.00187625, -0.00126975, 0.00058025, 0.000377, 0.0009645], [9.375e-05, 0.00228175, -6.4e-05, 5.55e-05, -0.0003085, -0.00013575, -0.0019985, -0.00011375, 0.0002265, -0.0001265, 7.375e-05, -0.0005135, 8.2e-05, 9.5e-06, 0.00356, 0.00017775, -0.000285, 0.0004555, -0.00076825, -0.00011075, 0.002799, -0.000987, 0.000916, -0.00261425, -0.0001725, 5.325e-05, -0.0006145, -4e-06, -0.00090975, 0.00050275], [-0.00034475, -0.00135925, 9.75e-05, -5.075e-05, -0.00043475, -0.000176, 0.001317, -0.00014825, -2.825e-05, -7.225e-05, 4.675e-05, 0.00040675, -0.000137, 5.625e-05, -0.00373575, 3.7e-05, 0.0002735, -0.00014175, 0.00097025, -0.0011195, -0.001248, -0.00052025, -0.00077225, 0.001537, -0.00010775, -9.65e-05, 0.00019525, -4.175e-05, 0.00133725, -0.00169675], [0.00035625, 0.0005565, 0.00238125, 0.00331625, -0.00018125, -0.00409525, -0.00073375, -0.0003315, -0.00160175, 0.0027185, 0.00424175, -0.003087, 0.0049295, 0.00033125, 0.00220475, 0.000136, -0.000272, -0.0006815, -0.00125925, 0.00130675, 0.00255775, 6.525e-05, 0.00129425, 0.0043615, 0.00097925, 0.00028075, 0.00084725, 0.0008725, -0.00196675, 0.00025075], [0.000204, -0.00534625, -6.3e-05, -3.825e-05, 2.275e-05, -0.0001235, 0.000118, 0.00039575, -9e-05, 0.000386, -0.00024225, 0.00027575, 2.675e-05, 7e-06, 5.6e-05, 3.75e-06, 0.00013875, -0.000339, 1.275e-05, 0.000822, 0.00105125, -0.00250775, -5.1e-05, 0.0026055, 0.00014075, -0.0004455, 3.125e-05, -1.5e-05, -0.0003115, 0.00142725], [0.00025575, -0.00111625, -0.0001775, -0.00021475, 0.000293, 0.00018025, 0.000981, 0.0001655, 0.00017175, -0.00012025, -4.35e-05, -0.00040625, 0.00020275, 5.8e-05, -0.00028875, -0.0001125, 1.975e-05, -0.000205, -0.00040975, 0.000162, 0.0003295, 0.0010755, -0.000906, 0.00012675, 6.825e-05, -0.0010525, 0.0006265, 8.4e-05, -1.225e-05, 0.00181775], [4.325e-05, 0.0006495, -0.000423, -0.00093625, -5e-06, 0.00033175, -6.8e-05, 0.0008835, -3.9e-05, -0.00102425, -0.00058125, -0.000161, -0.00037125, -0.000818, -0.001149, -2.1e-05, 0.00082875, 1.1e-05, 0.0003375, 0.000219, 0.000976, 0.000344, 0.0006645, 0.0011825, -0.00100875, 0.000832, -0.0001755, 0.0007195, 0.001021, 0.00069325], [-0.000109, -0.00024825, 0.000227, 0.00018025, -0.0004935, -0.0003535, 0.0002415, -3.825e-05, 0.000407, 0.00026125, 0.000464, 9.625e-05, 0.00038625, 0.00061475, -0.00220225, -0.000101, -0.00060175, 0.00052175, -6.525e-05, -0.00115375, -0.0005455, 0.0007485, -0.00282575, -0.001416, -0.0006075, -0.0013795, 0.000578, -0.00039625, 0.001282, -5.625e-05], [0.0006185, -0.00172025, 0.0005215, 0.00011325, 0.00018925, -0.001372, 0.00045025, 0.0008075, 0.00048225, -0.000542, -0.00014525, 0.00055875, 0.0004045, 0.0009935, -0.002166, -0.00050425, -0.000223, 0.00022575, 0.0006525, -8.075e-05, 0.0010385, -0.001009, 0.00098575, 0.00346425, 0.000815, -4e-05, -0.00165625, -0.00016375, 0.00060425, -0.00067425], [0.00248675, -0.000473, 0.00109075, 0.0006975, 0.00125125, -0.00032675, 0.0005205, 4e-05, 0.00135175, 0.00099075, -4.5e-05, -0.001793, 0.0003095, 0.0007575, 0.00118225, -0.002178, -0.001959, 0.000185, 0.0001165, -0.000862, 7.85e-05, -0.0003775, 0.00242775, 0.00045175, 0.00063325, 0.0011295, -0.00121125, 1.825e-05, 0.000766, -0.0001805], [-0.0008035, -0.00090675, 7.8e-05, -0.001948, -0.00074075, -2.5e-07, 0.00449725, 0.00048125, -0.00197925, -0.0018315, -0.00267925, 0.003177, -0.001126, 0.0018485, -0.0001945, 0.001545, 0.000343, 0.0007385, -0.00057325, 0.00243525, 0.00074125, 0.00110175, -0.00059, -0.002962, -0.00165525, 0.0011415, 0.000258, -0.001597, 0.00049325, -0.001976], [-0.00035525, -0.00095825, 0.000331, -0.00045, 0.00118125, 2.275e-05, -4.675e-05, 0.0003125, -0.0001035, 6.175e-05, 0.00033975, -0.0007035, -0.00102275, 0.002011, 0.00144825, 0.000397, -0.00028475, -0.00036225, -0.00093075, 0.000258, -0.00137775, 0.00116775, -0.00010775, 9.15e-05, 0.0007035, -0.0009365, -0.0018805, -1e-06, -0.00036, 0.00173175], [-0.00069875, 0.001585, -0.00298025, 0.00045225, -0.00049425, -8.575e-05, -0.002605, 0.000241, 0.00326125, 0.0015055, 0.00045, -0.00072225, 0.00225025, 0.00044125, -0.0014975, -0.003176, 0.00073275, -0.0031585, -0.00048425, -0.002796, -0.00210225, 0.00091825, -0.00383825, -0.0034455, -4.35e-05, 0.0004715, -9.925e-05, -0.000341, 0.0037745, -0.00084575], [-2.525e-05, -0.00022, -0.000251, 0.00026275, 0.00019725, 0.00027225, -0.00020725, -0.0003145, -2.825e-05, -4.175e-05, 0.0001835, -8.375e-05, 3.775e-05, -0.00028525, 6.9e-05, 3.45e-05, 0.0002335, -0.000376, 0.0001505, -0.000201, 0.00019125, 0.000779, -0.000843, 0.000597, -1.05e-05, -0.00031925, -0.00013325, 1.95e-05, -0.00022125, -0.0002335], [0.00079375, -0.00093875, 0.00111425, 0.0001945, -0.00020725, -8.25e-06, -0.000593, 0.001117, -2.95e-05, 0.00017625, 0.00036, 0.000871, -0.00133725, 0.00066775, 0.00026675, 0.00058175, -0.0002415, 0.0005615, -0.0005295, -0.001415, -0.0004295, -0.00010325, -0.00135025, 0.0019765, 0.00021325, -0.00046325, -0.00092425, -0.00027575, 0.000814, 0.0007505], [0.0013675, -0.00104525, 0.00027225, 0.000375, -3.175e-05, -0.000809, -0.00034025, 0.0009735, 0.00072525, -5.125e-05, -0.0006815, 0.00048325, 0.00124875, 0.00061475, 0.0005455, -0.000432, 0.000303, 0.00013675, 0.000503, 0.00022575, 0.0003135, -0.000716, -0.00107125, 0.001827, -0.0003035, 0.00014325, 0.00026425, -3.7e-05, 0.00130525, -0.00119075], [-0.0004155, -0.00047825, 4.075e-05, 0.0002645, -0.00045225, 8.15e-05, -1.425e-05, -0.0003005, -0.000194, 0.0001395, 0.00034475, 4.425e-05, -0.0001715, -3.625e-05, 0.000992, 0.00022875, -2.075e-05, 0.0002435, -0.00027025, 0.000158, 0.0007805, -9.975e-05, -0.0002085, -0.00046425, 1e-06, 0.00019475, -0.00073425, 1.4e-05, -0.0006705, -0.00033675], [-0.0003325, 0.0004005, -0.00019825, 0.0003875, 0.0008695, 0.00021925, 7.5e-06, -0.0009185, -0.0001315, 0.0006695, 0.00069775, -2.75e-05, -0.0009115, -0.000822, 0.00620475, -0.0002875, 0.0005345, -0.00010875, 0.0002075, -0.00075625, -0.0009985, -0.0002615, -0.00147475, -0.00165775, -0.0004635, -0.00197725, 0.00072275, 0.0001485, -0.00064325, -0.00061425], [0.0002945, -0.000255, -9.4e-05, 0.000171, 0.000299, 0.000392, 0.0012475, -0.00025525, -0.00020825, -1.35e-05, 0.000422, 0.0002695, 0.0007385, -0.001345, 0.0011385, -0.000353, 0.0010425, 0.00018525, -0.000129, 0.00015425, 0.000898, -0.00213225, 0.00209125, 0.0027895, 0.00012025, 0.00122225, -0.0001665, 0.0001245, -0.000627, -0.0003135]]], "(-2, -2, 2)": [[[-1.3166666666666665e-05, 0.000152, 1.3833333333333334e-05, -0.0003615, 7.016666666666666e-05, -3.5833333333333335e-05, -0.00021183333333333332, 0.00017533333333333333, 3.8e-05, -0.0003823333333333333, -0.0002105, -1.0166666666666667e-05, 8.433333333333334e-05, 7.866666666666666e-05, -0.0006788333333333334, -0.000162, -8.5e-05, -6.0666666666666666e-05, 0.00039483333333333335, 0.000544, 0.000839, -0.00011116666666666665, -0.0011143333333333333, -0.0006273333333333334, -0.0001913333333333333, -0.001256, 0.000534, -4.2999999999999995e-05, -0.0010281666666666666, 0.00014616666666666665], [0.000152, 0.002342, 0.0005693333333333334, -0.0013858333333333333, 4.15e-05, -0.0006416666666666667, 0.000661, 0.0005486666666666666, -0.00028683333333333333, -0.0005343333333333334, -0.0005383333333333333, 0.0005911666666666666, 9.116666666666666e-05, 3.5e-06, 0.0005983333333333333, -0.00028900000000000003, -0.00018800000000000002, -0.0007138333333333334, -1.3500000000000001e-05, -0.0004786666666666667, 0.00020383333333333332, 0.001278, 0.0011571666666666668, -8.433333333333334e-05, 0.00020466666666666666, 0.000152, -0.0009986666666666666, -9.55e-05, -0.000597, -2.4e-05], [1.3833333333333334e-05, 0.0005693333333333334, 0.0001345, -5.483333333333333e-05, 5.7499999999999995e-05, -0.0004998333333333334, -0.000136, 4.2833333333333335e-05, -2.4e-05, -0.00015283333333333333, 1.6666666666666665e-07, -0.00011850000000000001, 2.7666666666666667e-05, 0.000288, -0.0006875000000000001, -2.7833333333333333e-05, -0.00041099999999999996, -0.00044016666666666667, 0.00028933333333333334, 0.000904, -0.00032933333333333333, -0.0002978333333333333, -0.00015350000000000002, 0.00040416666666666666, 0.00011216666666666666, -6.483333333333334e-05, 0.0004025, 6.466666666666666e-05, -0.0014788333333333335, 0.00011883333333333333], [-0.0003615, -0.0013858333333333333, -5.483333333333333e-05, 6.65e-05, -0.00013533333333333333, 5.483333333333333e-05, 0.0001905, -0.00021933333333333332, -4.25e-05, 0.00018816666666666667, 0.00029066666666666667, 5.583333333333333e-05, -0.00010716666666666666, -1.9e-05, 0.00010316666666666666, -5.916666666666667e-05, 6e-05, -0.00010966666666666666, -9.033333333333332e-05, -0.00033099999999999997, 0.00010816666666666666, -0.0002195, 0.0007326666666666666, 0.0018701666666666667, 8.433333333333334e-05, 0.0010003333333333333, -0.00023166666666666667, -0.0001295, 5.483333333333333e-05, -0.00022250000000000001], [7.016666666666666e-05, 4.15e-05, 5.7499999999999995e-05, -0.00013533333333333333, 0.0029793333333333334, 0.00015883333333333334, 8.116666666666667e-05, -1.95e-05, -0.00012216666666666666, -0.00033183333333333334, -0.00010066666666666667, 0.00038316666666666664, -0.00010016666666666666, -0.0002888333333333333, 0.00026933333333333334, 0.00026683333333333333, -0.00025616666666666664, -0.00014316666666666666, -0.0005468333333333333, -0.0010556666666666668, 0.00031716666666666666, -0.0004656666666666667, 0.0007103333333333333, 7.766666666666667e-05, 0.00019933333333333334, -2.2333333333333335e-05, -0.0026790000000000004, -0.0005405, 0.00033183333333333334, 0.00032700000000000003], [-3.5833333333333335e-05, -0.0006416666666666667, -0.0004998333333333334, 5.483333333333333e-05, 0.00015883333333333334, 0.00017483333333333335, 0.00013533333333333333, 4.7333333333333336e-05, -0.00010666666666666668, -5.5e-05, -6.0666666666666666e-05, -0.00011733333333333333, 5.883333333333334e-05, -0.0003001666666666667, 0.0007108333333333333, 2.2000000000000003e-05, 0.00032483333333333333, -0.0001555, 0.00022766666666666668, -0.00012516666666666668, 0.0007616666666666667, 0.0001435, 4.116666666666667e-05, -0.0010935, -6.666666666666667e-05, -0.0002965, -0.00021116666666666666, -0.00017, 0.0005036666666666667, -0.00038483333333333333], [-0.00021183333333333332, 0.000661, -0.000136, 0.0001905, 8.116666666666667e-05, 0.00013533333333333333, 0.0009591666666666667, -6.283333333333333e-05, 0.0003986666666666667, -0.0011938333333333334, 0.00022583333333333334, 0.0005653333333333334, -0.0001945, -0.000337, -0.00021016666666666666, 2.2000000000000003e-05, -0.00012316666666666666, 2.05e-05, -0.00037183333333333334, -0.0018251666666666668, 0.0002516666666666667, 0.00045816666666666667, 0.00023349999999999998, -0.0005636666666666666, -0.0003363333333333333, -0.0007126666666666667, -0.0007625, 0.0004088333333333333, 0.0014381666666666666, -0.00025033333333333336], [0.00017533333333333333, 0.0005486666666666666, 4.2833333333333335e-05, -0.00021933333333333332, -1.95e-05, 4.7333333333333336e-05, -6.283333333333333e-05, 7.333333333333333e-05, 4.783333333333333e-05, -0.00013433333333333334, -0.00043883333333333334, -2.9e-05, 3.0166666666666667e-05, 1.4e-05, -0.00042866666666666666, -5.333333333333334e-05, -9.983333333333334e-05, 0.00012683333333333332, 0.000211, -0.0010008333333333334, 0.00045499999999999995, -0.00033183333333333334, -0.00010033333333333334, -0.00023883333333333333, -4.9500000000000004e-05, -0.0015363333333333333, -0.0007556666666666666, -0.00013066666666666665, 0.0004891666666666667, 7.816666666666666e-05], [3.8e-05, -0.00028683333333333333, -2.4e-05, -4.25e-05, -0.00012216666666666666, -0.00010666666666666668, 0.0003986666666666667, 4.783333333333333e-05, 0.000208, -4.833333333333333e-06, 9.833333333333333e-06, -0.00041066666666666666, 0.00022416666666666668, 5.216666666666667e-05, -0.0004918333333333334, -0.0003175, -0.00013383333333333332, -0.0002646666666666667, 9.333333333333333e-06, 0.00017916666666666667, -0.0006991666666666666, 0.002235, 0.00010216666666666668, 0.00042550000000000004, -9e-06, -0.000228, -0.00026033333333333334, 0.00016350000000000002, -0.0003178333333333333, -0.00015833333333333332], [-0.0003823333333333333, -0.0005343333333333334, -0.00015283333333333333, 0.00018816666666666667, -0.00033183333333333334, -5.5e-05, -0.0011938333333333334, -0.00013433333333333334, -4.833333333333333e-06, 0.0023591666666666665, 0.0003046666666666667, -6.35e-05, -0.00021, -8.316666666666666e-05, -0.0008865, -0.00045666666666666664, 3.0166666666666667e-05, -0.00034399999999999996, -0.00010766666666666666, 0.0012203333333333335, -0.00015483333333333335, 5.333333333333333e-06, -0.0004113333333333334, -0.0008581666666666667, -0.0007368333333333333, 0.0001505, 0.0006413333333333333, 0.00014833333333333332, -0.001927, 0.0001955], [-0.0002105, -0.0005383333333333333, 1.6666666666666665e-07, 0.00029066666666666667, -0.00010066666666666667, -6.0666666666666666e-05, 0.00022583333333333334, -0.00043883333333333334, 9.833333333333333e-06, 0.0003046666666666667, 7.216666666666667e-05, 1.2666666666666667e-05, -0.00013733333333333333, -6.85e-05, -0.0006678333333333333, -1.2833333333333333e-05, -0.0001855, -9.466666666666667e-05, -2.3166666666666666e-05, 0.0008826666666666667, -3.2999999999999996e-05, 0.0006374999999999999, 8e-06, 0.0009256666666666667, -0.0001415, 0.000309, 8.7e-05, 5.1166666666666666e-05, -0.00046766666666666663, 0.00024316666666666668], [-1.0166666666666667e-05, 0.0005911666666666666, -0.00011850000000000001, 5.583333333333333e-05, 0.00038316666666666664, -0.00011733333333333333, 0.0005653333333333334, -2.9e-05, -0.00041066666666666666, -6.35e-05, 1.2666666666666667e-05, 5.833333333333333e-06, -0.000173, -6.3e-05, -6.5e-05, 0.0003541666666666667, 4.933333333333333e-05, 9.833333333333333e-06, 0.00016233333333333334, 0.0009101666666666667, -0.0005065, -0.0007331666666666667, -0.0005311666666666667, 0.0008991666666666666, -0.00010866666666666667, -0.000293, 0.0009421666666666667, -8.333333333333334e-06, -0.0005976666666666667, 2.05e-05], [8.433333333333334e-05, 9.116666666666666e-05, 2.7666666666666667e-05, -0.00010716666666666666, -0.00010016666666666666, 5.883333333333334e-05, -0.0001945, 3.0166666666666667e-05, 0.00022416666666666668, -0.00021, -0.00013733333333333333, -0.000173, 9e-06, 5.666666666666667e-06, -0.0010226666666666667, -0.00043633333333333333, -0.00011816666666666666, -0.00025966666666666667, 0.00014016666666666667, 0.00034616666666666666, -0.00010483333333333334, 0.0010555, 0.0003115, 0.0011131666666666666, -0.00010149999999999999, 0.0003221666666666667, -0.0004031666666666667, 8.233333333333333e-05, -0.0011165, 0.00041416666666666663], [7.866666666666666e-05, 3.5e-06, 0.000288, -1.9e-05, -0.0002888333333333333, -0.0003001666666666667, -0.000337, 1.4e-05, 5.216666666666667e-05, -8.316666666666666e-05, -6.85e-05, -6.3e-05, 5.666666666666667e-06, 0.00012066666666666667, 0.0008849999999999999, -8.816666666666666e-05, -0.0005968333333333333, -3.55e-05, 9.45e-05, 0.0004635, 0.0002745, -0.0004971666666666667, 0.0011515, -0.0013663333333333333, 6.35e-05, 0.00048633333333333335, -0.0012783333333333334, -5.0333333333333335e-05, -0.0014248333333333333, 0.000166], [-0.0006788333333333334, 0.0005983333333333333, -0.0006875000000000001, 0.00010316666666666666, 0.00026933333333333334, 0.0007108333333333333, -0.00021016666666666666, -0.00042866666666666666, -0.0004918333333333334, -0.0008865, -0.0006678333333333333, -6.5e-05, -0.0010226666666666667, 0.0008849999999999999, 0.002580166666666667, -0.00010383333333333333, 0.000215, 0.000309, -0.00035083333333333337, 0.0007989999999999999, -0.00020283333333333332, -0.0012218333333333332, 0.0004021666666666667, 0.00043683333333333334, 0.0006351666666666667, 5.266666666666666e-05, -0.00026583333333333336, 3.25e-05, -0.0009733333333333333, 0.00029099999999999997], [-0.000162, -0.00028900000000000003, -2.7833333333333333e-05, -5.916666666666667e-05, 0.00026683333333333333, 2.2000000000000003e-05, 2.2000000000000003e-05, -5.333333333333334e-05, -0.0003175, -0.00045666666666666664, -1.2833333333333333e-05, 0.0003541666666666667, -0.00043633333333333333, -8.816666666666666e-05, -0.00010383333333333333, 0.00010566666666666667, 5.383333333333333e-05, 0.00031, 0.00016516666666666665, -0.00042333333333333334, 0.00029516666666666667, -0.0014865, -0.00124, -0.0011116666666666666, 9.166666666666667e-05, -0.0009446666666666667, 0.0005165, -3.0333333333333333e-05, -0.000158, 0.00034399999999999996], [-8.5e-05, -0.00018800000000000002, -0.00041099999999999996, 6e-05, -0.00025616666666666664, 0.00032483333333333333, -0.00012316666666666666, -9.983333333333334e-05, -0.00013383333333333332, 3.0166666666666667e-05, -0.0001855, 4.933333333333333e-05, -0.00011816666666666666, -0.0005968333333333333, 0.000215, 5.383333333333333e-05, 0.00022116666666666668, 0.0002375, 0.0001255, 7.683333333333334e-05, 0.0004871666666666666, -0.0007325, -0.0007165, -0.0009345, -0.00010733333333333334, -0.0007181666666666668, -0.0004623333333333333, 9.6e-05, -0.00034583333333333335, 0.000304], [-6.0666666666666666e-05, -0.0007138333333333334, -0.00044016666666666667, -0.00010966666666666666, -0.00014316666666666666, -0.0001555, 2.05e-05, 0.00012683333333333332, -0.0002646666666666667, -0.00034399999999999996, -9.466666666666667e-05, 9.833333333333333e-06, -0.00025966666666666667, -3.55e-05, 0.000309, 0.00031, 0.0002375, 0.002065, 8.616666666666667e-05, -0.00023166666666666667, 0.0005099999999999999, 1.55e-05, -0.000892, -0.0005731666666666667, 0.00019283333333333335, -0.0011028333333333333, 0.00040583333333333335, 0.000553, 5.9e-05, -0.0003088333333333333], [0.00039483333333333335, -1.3500000000000001e-05, 0.00028933333333333334, -9.033333333333332e-05, -0.0005468333333333333, 0.00022766666666666668, -0.00037183333333333334, 0.000211, 9.333333333333333e-06, -0.00010766666666666666, -2.3166666666666666e-05, 0.00016233333333333334, 0.00014016666666666667, 9.45e-05, -0.00035083333333333337, 0.00016516666666666665, 0.0001255, 8.616666666666667e-05, 0.0022441666666666664, -9e-05, -0.00035150000000000003, -0.00010633333333333333, 0.00038133333333333335, -0.0002965, 5.9833333333333335e-05, 0.0005678333333333333, 0.0007755, -0.000143, 0.0005823333333333334, -0.0018421666666666666], [0.000544, -0.0004786666666666667, 0.000904, -0.00033099999999999997, -0.0010556666666666668, -0.00012516666666666668, -0.0018251666666666668, -0.0010008333333333334, 0.00017916666666666667, 0.0012203333333333335, 0.0008826666666666667, 0.0009101666666666667, 0.00034616666666666666, 0.0004635, 0.0007989999999999999, -0.00042333333333333334, 7.683333333333334e-05, -0.00023166666666666667, -9e-05, -0.005403333333333333, 0.0002846666666666667, -0.00048633333333333335, 0.00025216666666666665, 0.0001905, -0.00015633333333333333, -0.001012, -0.0009493333333333333, -0.0004926666666666666, 0.0035359999999999996, -0.00028416666666666667], [0.000839, 0.00020383333333333332, -0.00032933333333333333, 0.00010816666666666666, 0.00031716666666666666, 0.0007616666666666667, 0.0002516666666666667, 0.00045499999999999995, -0.0006991666666666666, -0.00015483333333333335, -3.2999999999999996e-05, -0.0005065, -0.00010483333333333334, 0.0002745, -0.00020283333333333332, 0.00029516666666666667, 0.0004871666666666666, 0.0005099999999999999, -0.00035150000000000003, 0.0002846666666666667, 0.0008485, -0.0006638333333333334, -0.000519, -0.0007793333333333333, -6.133333333333334e-05, 3.366666666666667e-05, 0.00017933333333333332, -0.0003533333333333333, -0.0010275, 0.0004835], [-0.00011116666666666665, 0.001278, -0.0002978333333333333, -0.0002195, -0.0004656666666666667, 0.0001435, 0.00045816666666666667, -0.00033183333333333334, 0.002235, 5.333333333333333e-06, 0.0006374999999999999, -0.0007331666666666667, 0.0010555, -0.0004971666666666667, -0.0012218333333333332, -0.0014865, -0.0007325, 1.55e-05, -0.00010633333333333333, -0.00048633333333333335, -0.0006638333333333334, 0.0044955, -0.00046983333333333333, -0.0012068333333333334, 0.00014000000000000001, 0.0014251666666666666, 0.0008853333333333333, 0.000793, 0.0012675, 0.0005420000000000001], [-0.0011143333333333333, 0.0011571666666666668, -0.00015350000000000002, 0.0007326666666666666, 0.0007103333333333333, 4.116666666666667e-05, 0.00023349999999999998, -0.00010033333333333334, 0.00010216666666666668, -0.0004113333333333334, 8e-06, -0.0005311666666666667, 0.0003115, 0.0011515, 0.0004021666666666667, -0.00124, -0.0007165, -0.000892, 0.00038133333333333335, 0.00025216666666666665, -0.000519, -0.00046983333333333333, -0.004072833333333334, 3.616666666666667e-05, -3.25e-05, -0.002402333333333333, 0.0017926666666666666, -0.000276, -0.0, 0.0006016666666666667], [-0.0006273333333333334, -8.433333333333334e-05, 0.00040416666666666666, 0.0018701666666666667, 7.766666666666667e-05, -0.0010935, -0.0005636666666666666, -0.00023883333333333333, 0.00042550000000000004, -0.0008581666666666667, 0.0009256666666666667, 0.0008991666666666666, 0.0011131666666666666, -0.0013663333333333333, 0.00043683333333333334, -0.0011116666666666666, -0.0009345, -0.0005731666666666667, -0.0002965, 0.0001905, -0.0007793333333333333, -0.0012068333333333334, 3.616666666666667e-05, 0.001468, 0.0009243333333333333, 0.001318, -0.00031733333333333337, -0.00035683333333333335, -0.0019638333333333335, -0.000371], [-0.0001913333333333333, 0.00020466666666666666, 0.00011216666666666666, 8.433333333333334e-05, 0.00019933333333333334, -6.666666666666667e-05, -0.0003363333333333333, -4.9500000000000004e-05, -9e-06, -0.0007368333333333333, -0.0001415, -0.00010866666666666667, -0.00010149999999999999, 6.35e-05, 0.0006351666666666667, 9.166666666666667e-05, -0.00010733333333333334, 0.00019283333333333335, 5.9833333333333335e-05, -0.00015633333333333333, -6.133333333333334e-05, 0.00014000000000000001, -3.25e-05, 0.0009243333333333333, 0.0005193333333333333, 7e-06, 2.4e-05, 8e-06, -0.00010516666666666667, 0.00013333333333333334], [-0.001256, 0.000152, -6.483333333333334e-05, 0.0010003333333333333, -2.2333333333333335e-05, -0.0002965, -0.0007126666666666667, -0.0015363333333333333, -0.000228, 0.0001505, 0.000309, -0.000293, 0.0003221666666666667, 0.00048633333333333335, 5.266666666666666e-05, -0.0009446666666666667, -0.0007181666666666668, -0.0011028333333333333, 0.0005678333333333333, -0.001012, 3.366666666666667e-05, 0.0014251666666666666, -0.002402333333333333, 0.001318, 7e-06, -0.0026016666666666666, 0.0005813333333333333, -0.0003066666666666667, 0.0004558333333333333, 0.0003801666666666667], [0.000534, -0.0009986666666666666, 0.0004025, -0.00023166666666666667, -0.0026790000000000004, -0.00021116666666666666, -0.0007625, -0.0007556666666666666, -0.00026033333333333334, 0.0006413333333333333, 8.7e-05, 0.0009421666666666667, -0.0004031666666666667, -0.0012783333333333334, -0.00026583333333333336, 0.0005165, -0.0004623333333333333, 0.00040583333333333335, 0.0007755, -0.0009493333333333333, 0.00017933333333333332, 0.0008853333333333333, 0.0017926666666666666, -0.00031733333333333337, 2.4e-05, 0.0005813333333333333, -0.0015431666666666666, 2.8166666666666666e-05, 0.0007113333333333333, -0.00013733333333333333], [-4.2999999999999995e-05, -9.55e-05, 6.466666666666666e-05, -0.0001295, -0.0005405, -0.00017, 0.0004088333333333333, -0.00013066666666666665, 0.00016350000000000002, 0.00014833333333333332, 5.1166666666666666e-05, -8.333333333333334e-06, 8.233333333333333e-05, -5.0333333333333335e-05, 3.25e-05, -3.0333333333333333e-05, 9.6e-05, 0.000553, -0.000143, -0.0004926666666666666, -0.0003533333333333333, 0.000793, -0.000276, -0.00035683333333333335, 8e-06, -0.0003066666666666667, 2.8166666666666666e-05, 0.000428, 0.00018816666666666667, 0.00021416666666666665], [-0.0010281666666666666, -0.000597, -0.0014788333333333335, 5.483333333333333e-05, 0.00033183333333333334, 0.0005036666666666667, 0.0014381666666666666, 0.0004891666666666667, -0.0003178333333333333, -0.001927, -0.00046766666666666663, -0.0005976666666666667, -0.0011165, -0.0014248333333333333, -0.0009733333333333333, -0.000158, -0.00034583333333333335, 5.9e-05, 0.0005823333333333334, 0.0035359999999999996, -0.0010275, 0.0012675, -0.0, -0.0019638333333333335, -0.00010516666666666667, 0.0004558333333333333, 0.0007113333333333333, 0.00018816666666666667, -0.0037303333333333333, -7.083333333333332e-05], [0.00014616666666666665, -2.4e-05, 0.00011883333333333333, -0.00022250000000000001, 0.00032700000000000003, -0.00038483333333333333, -0.00025033333333333336, 7.816666666666666e-05, -0.00015833333333333332, 0.0001955, 0.00024316666666666668, 2.05e-05, 0.00041416666666666663, 0.000166, 0.00029099999999999997, 0.00034399999999999996, 0.000304, -0.0003088333333333333, -0.0018421666666666666, -0.00028416666666666667, 0.0004835, 0.0005420000000000001, 0.0006016666666666667, -0.000371, 0.00013333333333333334, 0.0003801666666666667, -0.00013733333333333333, 0.00021416666666666665, -7.083333333333332e-05, 0.0036685]], [[0.0, -0.0005875, -0.0001888333333333333, -7.333333333333333e-06, -3.233333333333333e-05, 0.0001605, 0.00012866666666666666, 3.5000000000000004e-05, -4.9500000000000004e-05, 0.00010033333333333334, 4.133333333333333e-05, 0.00011983333333333334, -8.466666666666666e-05, -9.466666666666667e-05, -0.0005391666666666666, 4.45e-05, 0.00010066666666666667, 8.049999999999999e-05, -0.00015816666666666667, 0.0003365, 0.0017895, 0.00027783333333333333, 0.00024050000000000002, -0.0006421666666666666, 3.266666666666666e-05, 0.0006478333333333333, -0