[{"path": "D:/Documents/School/Master/Graduation_assignment/Plot_data/Wannierizations/Cs2AgInCl6-experimental-structure/agincl_hr_GW.dat", "type": "wannier"}, {"matrices": {"(-3, 1, 1)": [[[-0.00223325, 0.000909, -0.00063125, 0.001798, 0.0001825, 0.0003715, -0.00147125, -0.00211175, -0.00088275, 0.00046425, 0.0019605, -0.0007345, 0.00021, -0.00020525, -3.35e-05, 0.000328, -2.85e-05, 0.00089475, -0.00099725, -0.00121475, 0.000565, -0.00231275, -0.0026025, 0.00012825, -0.00025, 0.00084375, -0.0002485, 0.00044925, -0.00040575, -0.00023525], [-0.0011175, -0.00173325, 0.00144775, -0.00844725, 0.00220125, -0.010053, -0.00238125, -0.0019175, -0.01273925, 0.00096375, -0.00926, 0.00299775, -0.012856, 0.00117625, -0.00211025, 0.00232025, -0.0109455, 0.00202525, -0.00197225, 0.0003425, 0.0029925, 0.00316625, -0.001948, 0.0039235, 0.000943, -0.00126925, -0.00152475, 0.00029175, -9.35e-05, 0.013863], [-0.0005175, 0.00287175, -0.00179125, 0.00014325, -0.00076875, 0.00184275, -0.0010525, -0.00011425, 0.001331, 0.00247325, -0.0002305, -0.00079875, 0.00011375, -0.00209475, 0.00198875, -0.00194875, 0.001801, -0.000976, -0.0006575, 0.00129625, 0.00061275, 0.00135225, 0.003731, 0.000609, -0.00081475, 0.0035135, 6.7e-05, 6.6e-05, -0.00016225, -0.0013925], [0.0019645, -0.0105015, 0.001721, -0.0022795, -0.000629, -0.0013725, 0.0002205, 0.0024565, 0.00033175, -0.00174375, -0.00176975, 0.001581, -0.00023325, 0.00199, -0.00153425, 0.000997, -0.0015945, -0.00061475, 0.0010005, -0.00012425, 0.0016865, 0.00280625, -0.00070425, -0.00012025, 0.0005905, -0.001907, 0.000223, 0.00131275, 0.00344875, -0.00111525], [0.00112375, 0.00144675, -0.0001215, -0.0014575, -0.0002285, -0.0007795, -0.00039225, 0.00103325, -0.0018555, 0.0012245, -0.001733, 0.00094425, -0.00157225, -0.00011275, -0.00086525, 0.00100925, -0.00028, 0.00136325, -0.00038525, 0.00033525, 0.00087375, 0.000291, 0.00013025, 0.001229, 0.001606, 0.00018675, -0.00065425, -0.001242, -0.00026725, 0.00344125], [0.001919, -0.01084625, 0.0017575, -0.00142125, -0.000105, -0.00210275, -0.000475, 0.00256675, -0.00064375, -0.0022525, -0.00185225, 0.001822, -0.00032375, 0.002399, -0.00054725, 0.00231625, -0.00173175, -0.00023125, 0.00057075, 0.00135425, 0.00208825, 0.00182575, -7.75e-05, 0.00010125, -0.00115825, -6.75e-05, 0.00053475, 1.425e-05, -0.0011275, 0.00203675], [0.00228475, -0.0015395, 0.0025885, 0.002359, -0.00126925, 0.001088, 0.00392375, 0.0007685, 0.0009745, 0.0016065, 0.00043475, -0.00010325, 0.00321225, 0.00183675, -0.00088325, 0.001077, 0.00086975, 8.1e-05, -0.00106325, -0.00362425, -0.0004175, 0.00268125, 0.00061475, 0.00226375, -0.00737175, 0.00336725, -7.5e-05, 0.00040875, 0.00510975, 0.002264], [-0.00216075, 0.0002585, -0.00186425, 0.0023245, 0.00014725, 0.0008325, -0.00088925, -0.00271525, 0.0007455, 0.001073, 0.00193725, -0.00126, 0.0014165, -0.00098875, -0.00023325, -0.00125575, 0.00149675, 0.0004315, -0.00097, -0.0001395, 4.525e-05, -0.0028335, -0.0017395, 0.00132925, 0.00087125, 0.00053425, 0.00011025, -0.0003255, -0.001669, -0.0002455], [0.001025, -0.01167175, 0.00139575, -0.0013535, -0.0012475, -0.00071725, -2.925e-05, 0.00081175, -0.0023995, 0.00094725, -0.00088325, 0.001872, -0.00246, 0.00041425, 0.00190875, 0.0020675, -0.0015425, -0.00079, -0.000567, -0.0012005, 0.0006615, 5.925e-05, 0.0005665, -0.00402025, 0.000304, -8.675e-05, 0.00045575, 0.000142, -0.00089025, -0.00062725], [0.001662, 4.925e-05, 0.00146225, -0.00330425, 0.001004, -0.0007565, 0.000152, 0.002231, 0.00121725, 0.0011125, -0.00279425, -0.00133975, 0.00079275, 0.001574, 0.0010095, -0.00164, -0.00144725, 0.00101525, 0.00074475, -0.00055625, 0.0010735, -0.00045, -0.0015195, -0.00038375, -0.00451175, 0.0001185, 0.00025325, -0.00107775, 0.0003105, 0.00260575], [0.00206075, -0.0111395, 0.00149475, -0.00172075, -0.00071075, -4.8e-05, 0.00094575, 0.00195575, 0.0006775, -0.001409, -0.00180825, 0.0003205, 0.0007375, 0.00113225, -0.00211575, -0.00039425, -0.000262, -0.0009985, 0.0012655, 0.00106025, 0.000624, 0.00212225, 0.00056775, 0.00214875, 0.00108425, -0.002497, -0.00061, 0.00085625, 0.00029725, 2.6e-05], [0.00100375, 0.00223925, -0.000737, -0.000293, 0.000316, 0.0017705, 0.0015855, 0.000361, 0.0017765, -0.001033, 0.00026775, -0.001641, 0.00226875, -0.00042825, -0.0022895, -0.001629, 0.00188875, -9.425e-05, 0.00090225, -0.001071, 0.00313875, 0.00240175, -0.0003025, 0.00091675, 0.00106725, -0.00018675, -0.00055375, -0.00078875, -0.00037975, 0.00192525], [0.00017375, -0.01236825, 0.00185825, -0.00014025, -0.00122, -0.0021345, -0.00142325, -0.00020325, -0.00243625, 0.00060525, -0.000728, 0.002223, -0.00292525, 0.001315, 0.001974, 0.00188725, -0.0016495, -0.000387, -0.000652, -0.0013965, -0.00034875, 0.0004285, -0.00130875, -0.003439, -0.0005795, 9.425e-05, -0.00054625, -0.00016925, 0.0001705, -0.00117575], [-0.00171175, 0.001897, -0.00209175, 0.000455, -0.00039, 0.0024605, -0.0006445, -0.0010765, 0.00202475, 0.002306, 0.001129, -0.002129, 0.0012625, -0.00278025, 0.00027575, -0.0021385, 0.0018235, -0.0007735, -0.00063725, 0.00132225, -0.00098325, 0.00055525, 0.0016295, 0.0020275, -0.000807, 0.00158225, -0.00019375, -0.0008565, -0.00034075, -0.00176875], [0.002555, -0.00061725, 0.0020145, -0.0009635, 0.00064325, -0.00257075, 0.000653, 0.00338175, 0.00418425, 0.0007385, 0.00088575, -0.00307475, 0.004317, 0.00533525, 0.00093475, -0.00265775, 0.0001605, 0.0004365, 0.00293025, 0.0003675, 0.004861, -0.00378425, 0.00152, 0.00117875, -0.0013795, 0.0042505, -0.00024475, 0.002555, 0.00032625, 0.00163725], [0.00017825, 0.0019265, -9.725e-05, 0.00093625, 0.0006495, 0.000343, -0.0004, 0.00022325, 0.0020345, -0.00144975, 0.00118025, -0.00158175, 0.001856, -0.00040975, -0.0019365, -0.00176725, 0.00090175, 0.00031425, 0.000488, -0.000486, 0.003974, 0.0020395, -0.00139475, 0.00150075, 0.00065475, -0.00016625, -0.000957, -0.00071425, 0.001766, 0.0009175], [0.00138725, -0.01111825, 0.001737, -8.3e-05, 5.925e-05, -0.00162175, -0.000311, 0.00135075, 0.000362, -0.00210525, -0.00026, 0.00016975, 9.275e-05, 0.0016875, -0.001905, 0.000926, -0.00163675, -0.00025475, 0.00062025, 0.00115025, 0.00218125, 0.0006755, -0.00157475, 0.0023, -0.00105125, -0.0011895, -9.1e-05, 0.000358, -0.000555, 0.00221625], [-0.0010015, 0.00119525, -0.0006245, 0.00125325, 0.0013, -0.00076725, -0.000557, -0.00120825, -0.00036375, 0.00085175, 0.000998, -0.0004555, -0.0001175, -0.00046325, 0.00116625, -3.425e-05, -0.00033675, 0.00091525, -0.00025675, 0.000185, 0.00088175, 0.00182775, 0.001095, 0.00019825, 0.00242525, 3.25e-06, -0.0002725, 0.002454, -0.00025, 0.0042555], [0.00258275, -0.00176475, 0.00109075, -0.00265375, -0.00066625, -0.0009815, -0.00036175, 0.00255225, -0.0006835, 0.00036775, -0.002601, 0.00039, -0.00037575, 0.0010995, 0.0003945, 0.000427, -0.001001, -0.000576, -0.01393275, 0.00078925, 0.00381825, 0.00207, -0.00239425, 0.002028, -0.0010035, 0.00172775, -0.0004225, 0.00033175, 0.0001065, 0.007628], [-0.00124625, -0.0004805, 0.001784, 0.0003305, 0.0001845, -0.0005995, -0.002143, -0.00081, -0.00211375, 0.000229, 0.001101, 0.00033, -0.00195675, 0.00133375, 0.00140875, 0.001094, -0.00135075, 0.00030875, 2.25e-06, 0.01191125, -1.475e-05, -0.0003515, 0.00083725, -0.000106, -5.45e-05, 0.000405, -0.001024, 0.00028175, -0.004432, -0.00039775], [-0.00451075, 0.00491775, -0.00121825, -0.00063675, 0.00095325, -0.001508, -0.00264575, -0.00433625, -0.00268725, 0.00041575, -0.000474, -0.0007365, -0.00356375, -0.00189175, 0.00461675, -0.00149825, -0.00205975, 0.00093575, 0.000147, -2e-05, 0.00495575, -0.000776, 0.0046375, -0.001219, 0.0001525, 0.00091175, -0.0005565, -0.00062425, -0.002968, 0.00427225], [0.000192, 0.0015815, -0.003529, -0.0005275, 0.00131325, -0.0022055, 0.00188075, -0.0003595, -0.0043695, 0.00074225, -0.00102675, -0.00087675, -0.0020985, -0.00138, -0.0029485, 0.001213, -0.00044975, 0.0001465, -0.0009015, -0.0002045, -0.00056275, -7.275e-05, -0.003448, 0.0020655, 0.00087875, 0.0019275, -0.00061625, 0.0002415, -0.000229, 0.0010795], [0.0007995, 0.00059025, 0.00042675, 0.00287675, -0.0009255, -0.0003295, 0.001453, -0.00028225, 0.00252225, -0.00072125, 0.00183125, 0.0003035, 0.00254425, 4.6e-05, -0.0025245, 0.0009655, -0.000321, -0.00090475, 5.45e-05, 0.00092475, 0.00479075, -0.003638, 0.0047225, -0.002547, -1.625e-05, 0.00419625, -0.00082375, -0.00036425, -0.00239075, 7.5e-06], [-0.00220875, 0.002778, -0.00385075, 0.00152325, 0.00029425, 0.00048875, 0.00241575, -0.00379725, -0.00026725, 0.00101025, -0.00028675, 0.00044825, 0.0004415, -0.00393875, -0.00011825, 0.0009335, -0.00039725, 0.001647, 0.00010325, -0.00012175, -0.000937, 0.00214775, -0.002364, -0.001938, 2.925e-05, -0.00153, 0.000273, 0.000732, -0.00049675, 0.00074525], [-0.000223, 0.00114575, -0.000998, 0.00064925, 0.0002285, 0.0002265, -0.00512125, 0.0002935, -0.00012925, -0.001808, 0.00018925, 0.00040825, -0.00059975, -0.0009455, -0.00114775, 0.00096525, 0.0003295, 0.0008435, -0.00033775, -0.00060525, 0.00036175, -0.00036675, -0.0013165, -0.00101975, 0.003731, -0.00072725, -0.000174, 0.0003115, -0.0019355, 8.75e-05], [-0.00090525, 0.000602, 0.003442, -6.825e-05, -0.00060975, 0.00027075, 0.0014805, -0.0014185, -0.00018575, 0.0006945, 0.00011175, 0.00175225, -0.00123025, 0.000945, 0.00358125, -2.2e-05, -0.00255175, 0.00097775, 0.0024645, -0.0001975, 0.00180875, -0.001896, 0.0041115, -0.00316, -0.0010185, 0.00274225, 9e-06, -0.00088875, -1.25e-05, 0.00021525], [0.00024325, 0.00064925, -0.000349, -0.00039175, -2.125e-05, 0.000366, -8.2e-05, 0.000299, -0.00012975, 0.00045975, -0.0003155, -0.00024525, 0.000208, -0.0003635, -0.00023725, -0.00022425, 0.00045475, -0.00077825, 0.00013925, -0.00039, -0.00034825, -0.00034625, -0.0009495, -6e-06, -0.00022775, -0.00088825, 0.00514025, -6.525e-05, -3e-05, 0.00059475], [0.000187, 0.00057925, 0.00017525, 0.0001385, -0.00031825, 0.000361, -0.000148, -0.0002165, 0.0001735, -2.275e-05, 0.00037325, -0.00028825, -0.00017575, -0.00096575, 0.0023855, -5.225e-05, 0.00041625, 0.00065125, 0.00016, 0.00037975, -0.0004765, -0.00163375, -0.000586, 0.002689, 0.00027275, -0.000834, -0.00037175, 0.0031685, -2.575e-05, 5.075e-05], [0.00142225, -0.00133075, -0.002522, -0.0002535, -3.075e-05, 0.000584, 0.0045165, 0.000665, 0.00143275, -0.0010905, -0.00060325, -0.0007485, 0.00359975, -0.0008675, 0.00113375, 0.00168775, 0.00195675, 0.0002585, 0.00316125, -0.00617475, -0.0028355, -0.0004975, -0.001995, -0.00160175, -0.0005295, 0.00199275, -0.00016975, -0.00020775, 0.00713025, -0.001278], [-0.00152375, 0.0039535, -0.00017925, 0.00053375, -0.000838, -0.00086825, 0.00091975, -0.00151, -0.0006895, -0.00049725, 0.0001985, -0.00047175, 5.975e-05, 0.0004585, 0.00023275, -0.00021325, -0.0010795, -0.00096875, -0.001179, 0.000652, 0.0019835, 0.0022545, -0.00239975, 0.00179975, 7.875e-05, -0.00204925, -0.0004065, 0.00012875, -0.0006785, -0.001929]], [[-0.00011575, 0.0030135, 0.000117, -0.0003345, -0.001365, 0.000248, 0.000452, 0.000243, -9.625e-05, 0.00349825, 6.5e-06, 0.00037475, -0.000168, 0.0003075, 0.00221875, 0.000102, 0.00016375, -0.00142325, -0.000261, 0.00037475, 0.000264, -0.0017765, -0.000868, 0.00032125, -0.00105025, 0.00038075, 0.0011915, 0.00011125, -5.825e-05, 0.000536], [-0.0023675, -1.45e-05, 0.005292, 0.0063245, 0.0017295, 0.0012995, 0.00050425, -0.00402675, -0.00052725, 0.00077025, 0.00643275, 0.0064525, -0.00347775, 0.00215475, 0.001459, 0.003077, -0.000675, 0.00206275, 0.00398825, -0.0013295, -0.00202425, 6.275e-05, 0.0019925, -0.000563, 0.00034775, 0.0007325, -0.00289775, -0.0010055, 0.0002085, -0.00432125], [-0.0001875, -0.00412825, -0.00017625, 0.00012925, -0.00129375, 0.00020625, -0.00071325, -0.000217, 5.9e-05, 0.00225925, 0.000211, -0.000123, 0.000221, 7e-06, 0.00105975, 0.0002305, 0.0005675, -0.00060375, 0.0004765, 1.35e-05, -0.00055925, -0.0016035, -0.001087, -0.000254, -0.000381, -0.00051875, 6e-05, 7.75e-06, -0.00012775, 0.0005375], [0.00046775, -0.006743, 0.00020025, -0.00016575, 0.00092775, -0.000251, -0.00073175, 0.0003435, 0.0002785, -0.00256025, -0.00024175, -0.00048775, 0.00053575, 0.00012125, -0.00136375, -6.925e-05, -0.000137, 0.00091625, -4.9e-05, -0.0008035, -0.000195, 0.00129875, 0.00038175, -0.0004045, 0.00017175, -8.45e-05, -0.0014055, -1.325e-05, -0.00029525, -0.0005695], [0.00118975, -0.001904, 0.00092675, -0.00083875, -5.4e-05, -0.00071375, 7.95e-05, 0.00088325, -4.85e-05, 0.0007695, -0.00078, 0.00016125, 6.3e-05, 0.000868, 0.00084375, 0.0002055, -0.00063525, -7.625e-05, 0.000466, 0.00016375, -0.0006675, -0.00067, -8.275e-05, -0.00024825, 0.000856, 0.0002185, -0.00076475, -0.00065675, -9.675e-05, 0.00015275], [-0.00052625, -0.00209375, -7.4e-05, 0.00027725, 0.00105775, -0.00010425, 0.00141, -0.0003315, 5.45e-05, -0.00159775, 0.00046325, 6.05e-05, -9.675e-05, 3.5e-06, -0.00090275, -9.775e-05, -0.00019, -0.00033825, -0.000246, 0.000246, -0.00131025, 0.00075575, 0.0004725, -0.0004185, -0.00026275, -0.00091475, 0.001149, -0.00036125, 6.5e-05, 0.00026225], [-0.000148, 0.0001905, 0.00157525, -1e-05, 0.00026875, -0.00045925, 0.000305, -7.5e-05, 0.000249, 0.000989, 0.00025625, 0.000264, 0.00043775, 0.00158175, 0.0005725, 0.000182, -0.00010925, -3.375e-05, 0.000621, -0.0008445, -0.00016525, 0.00036475, -0.000622, 4.75e-06, -0.0011745, -0.00049125, 0.00222375, 8.4e-05, -0.0013575, 0.00048925], [-0.0004025, 0.004285, 3e-05, -0.00013175, -0.00106925, 0.00013925, 0.0003255, -9.25e-05, -0.00016525, 0.003729, 0.00015525, 0.00037775, -0.0002695, 0.00026575, 0.00236425, 9.6e-05, 0.00022225, -0.0013635, 0.000192, 0.00069625, 0.00040725, -0.0014805, -0.0007065, 0.00042825, -0.0005985, 0.00017225, 0.0001095, -0.00025875, -4.75e-06, 0.000299], [-2.95e-05, 0.0004335, 4.075e-05, -0.0001895, -0.00061975, -1.225e-05, 0.0003005, 0.00017275, -0.0001865, 0.0016105, -6.35e-05, 4.2e-05, -3.35e-05, 0.00019825, 0.0013285, 0.0002535, 0.0001285, -7.55e-05, 4.5e-06, -0.00037875, 0.00030925, -0.00156975, -0.0011665, 4.45e-05, -0.00073275, 0.00053975, 0.00202725, -0.000211, -5.725e-05, -0.0006205], [-0.00357525, -0.00110375, -0.0018615, 0.002686, -0.0006775, 0.00111275, -0.00186375, -0.00355575, -0.00142775, 0.0001825, 0.00214075, 0.001041, -0.00187525, -0.0018535, 5.85e-05, 0.00068625, 0.00101, -0.00135825, -0.00129575, -0.00038, -0.00022875, -0.0009095, -0.00036075, -0.00019825, -3.275e-05, 0.00024725, 0.00134775, 0.0006715, -0.0004265, -4.35e-05], [0.0002055, -0.00666025, 8.65e-05, -5.65e-05, 0.0011395, -0.0002055, -0.00106875, 6.35e-05, 0.00027325, -0.0024085, -0.00014575, -0.000559, 0.00044875, 8.375e-05, -0.00107275, -0.00019175, 1.875e-05, 0.00093625, -0.0001015, -0.0004425, 0.00063075, 0.00162, -5e-07, -0.0001495, 0.0006285, 0.0005835, 0.0004645, -0.00064525, -0.00020825, -0.00104875], [-0.00026075, -0.00620325, 0.00016175, 0.00035925, 0.00027025, -3.95e-05, -0.0006865, -0.000349, 0.00019475, -0.00096625, 0.0003395, -7.075e-05, 0.00022225, 0.00011025, -0.000846, -0.00014925, 0.00010275, -0.000224, 0.0002315, 9.85e-05, -0.00070275, 0.0013475, 0.00108725, -0.00036825, 0.0002275, -0.00063125, 0.002899, -0.0007665, 0.00031175, 0.00154675], [5.9e-05, 0.00335775, -0.000117, -0.00035425, -0.00050125, -0.00012025, 0.000422, 0.00026125, -0.00025725, 0.00214825, -0.00024875, -4.15e-05, -0.000141, 8.425e-05, 0.001435, 0.00017825, -6e-06, -0.000198, -0.00019375, -0.0004615, 0.00112375, -0.00104375, -0.00170175, 8.35e-05, -0.000543, 0.00076475, 0.00032975, 0.0003, -0.00066275, -0.000572], [-0.00019375, -0.00164475, -0.00025575, 0.000146, -0.00125925, 0.00019325, -0.00118625, -0.00027775, -0.00040275, 0.002298, 6.225e-05, 3e-05, -9.7e-05, -0.00010875, 0.00160475, 0.0004575, 0.0004595, -0.000225, 0.0006285, -0.0001455, 0.0003565, -0.001426, -0.00104125, -0.00015725, 8.325e-05, 0.00025275, -0.0019555, 0.00013, -0.000231, 0.00025275], [-0.001383, -0.000946, -0.0008985, 0.00088625, -6.25e-05, 1.05e-05, -0.0007325, -0.00096675, -0.000125, -0.00026525, 0.00097175, 0.000352, -0.00017625, 0.0001495, 0.00012925, 1.825e-05, 0.00107125, -0.0006155, -0.00066575, -2.5e-05, 0.00050875, -0.0024355, 0.000197, -5e-05, -0.0002685, 0.00016975, 0.0023345, 0.0003255, -9.825e-05, 0.0003985], [1.3e-05, -0.00266275, -1.5e-06, -6.775e-05, 0.00017725, -9.75e-06, -0.00062325, -2.25e-05, -2.575e-05, -0.00083, -5.1e-05, -5.925e-05, -7e-06, -0.00017725, -0.000774, -0.00012425, 1.55e-05, -4.7e-05, -0.00048275, 0.000174, -0.00019275, 0.00181575, 0.00089075, -0.00011025, 0.000805, -0.00060275, 0.001108, -6.5e-06, -0.00017375, 0.00074], [-0.000371, 0.00033475, -0.00028325, -9.25e-06, 0.001027, -2e-06, 0.00089775, -0.000177, -0.0002415, -0.0013875, 0.0001735, 0.000205, -0.000239, -0.00027275, -0.00043425, 1.2e-05, -0.00019175, -2.875e-05, -0.00063575, 0.00026525, -0.00013925, 0.00085975, 0.00019325, -0.00012175, 0.000368, -0.00041625, 0.0035835, -0.0002465, -6.8e-05, -0.00095725], [0.0015395, -0.0021975, 0.000655, -0.00128075, -3.675e-05, 0.00032425, 0.000314, 0.001416, 0.0004775, 0.00155775, -0.0009135, -0.000325, 0.000323, 0.00034525, 0.0004615, -0.000212, 0.0001135, -6.675e-05, 0.000982, 0.00023825, 0.0, 3.5e-05, -0.0007905, -6.575e-05, -0.00141175, 9.125e-05, 0.001973, -0.00035675, -6.3e-05, -3.6e-05], [0.00018975, -0.0041995, 0.000701, -0.000412, -3.775e-05, -0.00021525, -0.00018275, -0.000193, 0.00015625, 0.00141175, -0.000121, 8.075e-05, -0.00034625, 0.000345, 0.0006305, 3.45e-05, -8.825e-05, -0.000476, 0.00057425, -0.000359, -0.000486, -0.000486, -0.0006705, -0.0001765, 5.55e-05, 9e-06, 0.00299675, -0.00169475, -0.000397, 0.00075175], [-0.00048, -0.00087425, 0.00073875, 0.00037625, 0.000156, -7.75e-05, 0.000834, -0.000434, 0.00052575, 0.000567, 0.00038725, -0.00016175, 0.0002325, 0.000585, 0.001032, -0.0002865, -0.000168, 0.00029325, -7.55e-05, 5.825e-05, 7.6e-05, 0.0, 0.0001465, 0.000334, -9.225e-05, 0.00101375, -0.004321, 0.00010175, 0.00197075, -0.00088875], [-0.0002195, 0.00291725, 0.0002695, 0.00062125, -0.0001615, 0.00072625, -4.75e-05, -0.001103, -0.0011435, 0.00034175, -7.75e-05, 0.00129125, -0.001701, -0.00096525, -0.000148, 0.0006245, -0.00027925, 0.00027925, -0.00026, 4.4e-05, 0.0001265, -0.00017725, 3.625e-05, 9.675e-05, 9.825e-05, 0.000262, 0.00048525, -9.575e-05, 0.000838, 0.0004185], [0.000593, -0.0005775, 0.00259625, 7.15e-05, -0.00011925, -0.0011435, -0.0007215, 0.00041, 0.0021005, 0.00075625, -4.5e-06, -0.00021075, 0.001318, 0.001945, 0.0021045, -0.00116075, -0.001724, 0.0002935, 0.00098775, -4.225e-05, 7.6e-05, 9.175e-05, 0.00098475, -0.000828, -0.000266, -0.001473, -0.001204, 1.35e-05, 0.00016025, -0.00028825], [0.00055875, -0.00146225, 0.00161575, -0.0003605, 0.00037925, -0.0011615, 0.00050975, 0.00101475, 0.00158725, 0.0001235, 0.00010625, -0.00115225, 0.0018245, 0.001745, 0.00022, -0.00111125, -0.0009055, 0.00061775, 0.00075325, -0.000129, -0.00032175, -0.001151, 0.00010625, -2.375e-05, 6.875e-05, -0.00069525, 0.0017455, 7.5e-06, 0.0011865, 0.000177], [-0.00070325, 1e-06, 4e-06, 0.00103475, -4.275e-05, 0.00012925, -0.000361, -0.00086275, 6.35e-05, 0.00044475, 0.0008695, 0.00016725, -0.0002645, -0.00034575, 2.4e-05, -0.00018825, -0.00025125, 0.00021475, 0.0001895, -0.0001495, -0.00011525, 0.0007645, -5.475e-05, 7.575e-05, 3.8e-05, -0.000115, 0.00142575, 0.000414, 0.00028175, 0.000232], [0.00060025, 0.000153, 0.0001695, -0.00052, 0.000393, -0.00016075, 0.0006395, 0.00087275, 0.00045825, 0.000315, -0.00021675, -0.000937, 0.0008405, 0.00030225, 8.925e-05, -0.000525, -0.0002445, -0.0003735, 0.00034125, -0.000117, -0.00013775, 5.375e-05, 7.275e-05, -0.00024375, -2.45e-05, -0.0003015, 0.00114125, 6.275e-05, 0.000487, 0.00011475], [-0.00063675, 0.00077025, 0.0003555, 0.00053025, -0.0004275, 0.00039475, 3.175e-05, -0.0007715, -0.00014525, -0.0003785, 0.00031975, 0.0006125, -0.0006255, -0.0001835, -0.00108075, 0.00031675, -0.0003135, 0.00034875, 4.575e-05, -2.975e-05, -8.8e-05, -0.0008245, 0.0002305, -6.325e-05, -9.475e-05, 1.475e-05, 0.0032105, -0.00021, 0.00018925, 0.00029275], [-0.00027375, -0.00093625, -0.00021825, 0.0007515, -0.00053575, 0.0003485, 0.0001205, -0.00028225, -0.00029, -0.00024, 0.00043125, -0.00038575, 0.00015775, -0.000412, -0.000659, 7.5e-07, -0.0001035, 0.00076525, -2.5e-06, 0.0044095, -0.00132475, 0.00165675, -0.00211125, 0.000478, -0.00063075, -0.00283225, 9.55e-05, 0.00123275, -0.00138325, -0.0005885], [0.00033475, 0.0003905, 0.000401, -0.00043425, -0.00035025, -0.0004645, 0.00052825, 0.00032225, 0.000239, 0.001251, -0.0003665, -0.00035425, 0.00034475, 0.0003615, -0.00014225, -0.00038075, -0.00050925, -0.00013625, -0.00010425, -9.4e-05, 0.00010375, -2.825e-05, 0.00016425, 0.0003555, -5.325e-05, 0.00017425, -0.0022635, -1e-05, 0.0002915, -3.25e-06], [0.00019975, -0.00035025, -0.000795, -2.775e-05, -0.00011725, -0.00052125, -0.00022125, 0.00046825, 0.00051425, 0.00073425, 4.125e-05, 6.9e-05, 0.00087975, 0.00058025, 0.000314, 0.0002885, 0.00023125, -4.675e-05, 0.00087075, -0.0018535, -0.000514, -8.5e-06, -0.00090125, -0.00014125, 6.05e-05, -0.00088275, 0.00413675, -0.00018825, 5.625e-05, 0.00040725], [0.00077425, 0.00136425, 0.0005865, -0.00051675, -5.125e-05, 0.00012775, 0.00010125, 0.000368, -0.000678, 0.00030125, -0.00069825, 0.00094275, -0.0008355, -4.825e-05, 0.0001595, 0.0006175, -0.00042725, -0.00015925, -0.0001125, -0.00073675, -0.0001665, 0.00040225, 0.00011575, 0.00021775, -6.9e-05, 0.000769, -0.00198925, -3.875e-05, 0.00056175, -2.325e-05]]], "(-2, -2, 2)": [[[0.0019273333333333332, -0.00018866666666666665, 0.000407, -0.0040743333333333335, 0.00024849999999999997, -0.000742, 0.0009404999999999999, 0.0027215, -3.15e-05, -0.0011790000000000001, -0.0027306666666666664, -0.00014866666666666666, -0.000224, 0.0005995, -0.000217, -0.00024466666666666663, -0.0005006666666666667, 0.000378, -0.0005796666666666667, 0.0015143333333333335, -0.0007915, -0.000741, -0.0007991666666666667, 0.0008175, -0.00011783333333333333, -0.0006259999999999999, -2.5333333333333334e-05, 0.0001725, -0.00026816666666666666, -2.4e-05], [-0.00018866666666666665, -0.0017185000000000002, -0.002039, 0.006052333333333333, -0.0012441666666666666, 0.006211833333333333, 0.0009153333333333334, 0.00045000000000000004, 0.007712666666666666, -0.0001465, 0.006752, -0.0025006666666666667, 0.008202666666666667, -0.001437, -2.0833333333333333e-05, -0.0020478333333333334, 0.0068586666666666666, -0.0011808333333333334, 0.0011138333333333332, 5.383333333333333e-05, -0.003990333333333334, -0.002728166666666667, 0.0008258333333333334, -0.0029196666666666663, -0.0006748333333333333, -0.000632, 0.0005205, -0.000304, -0.000556, -0.002123], [0.000407, -0.002039, 0.0019181666666666668, -0.00044183333333333336, 0.00033466666666666665, -0.004089, 0.0005295, 0.0007146666666666667, -0.0009961666666666667, -0.0013496666666666665, -0.0003936666666666667, 0.000361, -0.0006885, 0.0028940000000000003, -0.0005126666666666667, 0.000821, -0.0026790000000000004, 0.0006808333333333333, -0.00024333333333333333, 0.0022308333333333334, -0.0007623333333333333, 0.0007471666666666667, 0.0008393333333333333, 0.0012086666666666667, 0.000233, 0.0006928333333333334, -2.8333333333333335e-06, 0.0002068333333333333, -0.000783, 0.00046699999999999997], [-0.0040743333333333335, 0.006052333333333333, -0.00044183333333333336, 0.0015313333333333333, -0.0003868333333333334, 0.0007055, -0.0009720000000000001, -0.0027135, 0.000304, 0.0022033333333333336, 0.0023515, -0.0005621666666666667, 4.9500000000000004e-05, -0.0005673333333333333, 0.0009478333333333334, -0.0009626666666666667, 0.0005528333333333333, -0.000214, 0.0003558333333333334, -0.0012838333333333332, 0.0026055, 0.001186, -0.0005288333333333333, -8.466666666666666e-05, -7.816666666666666e-05, 0.0012993333333333333, 0.00021766666666666668, -0.0004943333333333333, -0.0005196666666666666, 0.0006941666666666667], [0.00024849999999999997, -0.0012441666666666666, 0.00033466666666666665, -0.0003868333333333334, 0.0015191666666666667, 0.00046083333333333333, 0.0010233333333333333, 0.00039283333333333336, 0.0007701666666666667, 0.000663, -0.00018433333333333333, -0.00032483333333333333, 0.0009065000000000001, -5.1666666666666664e-05, -0.00017866666666666668, -0.0002743333333333333, -1.8166666666666667e-05, 0.0009051666666666666, 0.0005646666666666667, -0.00016033333333333332, 3.633333333333333e-05, 0.0003471666666666667, -2.983333333333333e-05, -0.0008123333333333333, -0.00018316666666666666, -0.0006738333333333333, -8.800000000000001e-05, 0.00048433333333333336, -0.0001465, -0.0005036666666666667], [-0.000742, 0.006211833333333333, -0.004089, 0.0007055, 0.00046083333333333333, 0.0020903333333333334, -0.0007898333333333334, -0.0010006666666666666, 0.00029183333333333334, 0.0010413333333333333, 0.0004721666666666667, -0.0011181666666666666, 0.0007688333333333333, -0.0031401666666666665, 7.016666666666666e-05, -0.000817, 0.002585, -0.0005470000000000001, -0.0002255, 0.0006596666666666666, 0.0020153333333333334, 0.0011746666666666665, -0.0014118333333333333, -0.0002916666666666667, 0.0002815, -0.0010116666666666666, 6.283333333333333e-05, -0.0005595, 0.00034366666666666665, 7.966666666666667e-05], [0.0009404999999999999, 0.0009153333333333334, 0.0005295, -0.0009720000000000001, 0.0010233333333333333, -0.0007898333333333334, -0.0006328333333333333, 0.000819, 0.00018383333333333335, -0.0008849999999999999, -0.0017091666666666668, 0.00011033333333333334, -2e-06, 0.0008835000000000001, 0.0016474999999999999, 0.00041099999999999996, -0.0005126666666666667, 1.6666666666666669e-06, 0.00017833333333333332, 0.0017946666666666666, 0.0007880000000000001, -0.0004015, 0.0002035, -0.000922, 0.0030083333333333333, 0.0001485, 0.00029183333333333334, 4.966666666666666e-05, -0.0021183333333333336, -0.0007538333333333334], [0.0027215, 0.00045000000000000004, 0.0007146666666666667, -0.0027135, 0.00039283333333333336, -0.0010006666666666666, 0.000819, 0.0018948333333333334, -0.00035066666666666666, -0.0014363333333333335, -0.003991, 0.0001935, -0.00031466666666666665, 0.0005416666666666666, 6.6666666666666675e-06, 0.000319, -0.001178, 0.00026933333333333334, -0.0003608333333333333, -0.0010048333333333333, -0.0007443333333333334, -0.0004411666666666667, -0.0005921666666666667, 0.0012046666666666666, 9.2e-05, -0.0018069999999999998, -0.000105, 7.466666666666666e-05, 0.0011516666666666667, 0.00016816666666666664], [-3.15e-05, 0.007712666666666666, -0.0009961666666666667, 0.000304, 0.0007701666666666667, 0.00029183333333333334, 0.00018383333333333335, -0.00035066666666666666, 0.002114333333333333, -0.000889, 0.00011383333333333334, -0.004063666666666667, 0.0030916666666666666, -0.0007938333333333333, -0.00035216666666666664, -0.0027566666666666664, 0.0005338333333333333, 0.0011148333333333333, 0.00022466666666666666, -0.0016569999999999998, 0.0009091666666666666, 0.0014198333333333335, -0.000208, -0.0002638333333333333, 0.00026816666666666666, -0.0011786666666666666, -0.00039400000000000004, -6.766666666666667e-05, 0.000974, 0.00046216666666666666], [-0.0011790000000000001, -0.0001465, -0.0013496666666666665, 0.0022033333333333336, 0.000663, 0.0010413333333333333, -0.0008849999999999999, -0.0014363333333333335, -0.000889, 0.000191, 0.001995166666666667, 0.0017583333333333333, -0.0012253333333333333, -0.0013141666666666666, 7.066666666666667e-05, 0.0013566666666666666, 0.0010659999999999999, 0.0008643333333333333, -0.0003295, 1.2e-05, 8.883333333333334e-05, 0.0010166666666666668, 0.0010926666666666667, 0.0004935, 0.001299, -0.00027916666666666666, -0.0005545, 0.00032116666666666665, -0.001542, -0.00037483333333333336], [-0.0027306666666666664, 0.006752, -0.0003936666666666667, 0.0023515, -0.00018433333333333333, 0.0004721666666666667, -0.0017091666666666668, -0.003991, 0.00011383333333333334, 0.001995166666666667, 0.0014898333333333335, -0.000125, -7.616666666666667e-05, -0.000795, 0.0006578333333333333, -0.00034399999999999996, 4.466666666666667e-05, -0.00025383333333333334, 0.00037616666666666663, 0.0005181666666666667, 0.002516, 0.0014033333333333335, -0.0006206666666666666, -0.00026566666666666666, -0.0004703333333333333, 0.00038816666666666665, 0.0002798333333333333, -0.0001925, -6.5e-05, 0.0008938333333333333], [-0.00014866666666666666, -0.0025006666666666667, 0.000361, -0.0005621666666666667, -0.00032483333333333333, -0.0011181666666666666, 0.00011033333333333334, 0.0001935, -0.004063666666666667, 0.0017583333333333333, -0.000125, 0.0020648333333333335, -0.003179166666666667, 0.0008336666666666667, 0.0005878333333333333, 0.002636666666666667, -0.0006781666666666667, -0.0014126666666666665, -0.0007208333333333333, -0.0006773333333333333, 0.00044199999999999996, 0.0005398333333333334, -0.00058, 0.000952, -0.0006511666666666666, -0.00045633333333333333, 3.75e-05, 0.00014866666666666666, 0.0013956666666666666, 0.00014900000000000002], [-0.000224, 0.008202666666666667, -0.0006885, 4.9500000000000004e-05, 0.0009065000000000001, 0.0007688333333333333, -2e-06, -0.00031466666666666665, 0.0030916666666666666, -0.0012253333333333333, -7.616666666666667e-05, -0.003179166666666667, 0.0027751666666666667, -0.0008428333333333333, -0.00013666666666666666, -0.004303, 0.0006488333333333334, 0.0011581666666666667, 0.0003025, 0.0004701666666666667, 0.001993833333333333, -0.00022250000000000001, 5.500000000000001e-06, -0.0008863333333333333, 0.00011233333333333333, 0.0006911666666666666, -0.0005745, -0.0002395, -0.0014398333333333335, 0.0004365], [0.0005995, -0.001437, 0.0028940000000000003, -0.0005673333333333333, -5.1666666666666664e-05, -0.0031401666666666665, 0.0008835000000000001, 0.0005416666666666666, -0.0007938333333333333, -0.0013141666666666666, -0.000795, 0.0008336666666666667, -0.0008428333333333333, 0.0025453333333333335, 6.966666666666668e-05, 0.0009431666666666667, -0.004212833333333333, 0.0009494999999999999, -0.00011250000000000001, 0.000421, 0.00036849999999999996, -0.00047450000000000004, 0.0017528333333333335, 0.0013461666666666667, 0.00018099999999999998, 0.001621, 9.633333333333332e-05, 0.000215, -0.00042616666666666665, 0.000499], [-0.000217, -2.0833333333333333e-05, -0.0005126666666666667, 0.0009478333333333334, -0.00017866666666666668, 7.016666666666666e-05, 0.0016474999999999999, 6.6666666666666675e-06, -0.00035216666666666664, 7.066666666666667e-05, 0.0006578333333333333, 0.0005878333333333333, -0.00013666666666666666, 6.966666666666668e-05, 0.0009958333333333334, 0.0001625, 0.0003178333333333333, -0.00015233333333333334, -0.00028983333333333335, 0.0002695, -0.0017433333333333335, 0.0013518333333333334, -8.316666666666666e-05, 0.0006696666666666666, 0.0006891666666666666, 0.0005711666666666667, -0.00045816666666666667, -0.001437, 0.0019411666666666666, -0.0007128333333333334], [-0.00024466666666666663, -0.0020478333333333334, 0.000821, -0.0009626666666666667, -0.0002743333333333333, -0.000817, 0.00041099999999999996, 0.000319, -0.0027566666666666664, 0.0013566666666666666, -0.00034399999999999996, 0.002636666666666667, -0.004303, 0.0009431666666666667, 0.0001625, 0.0018953333333333333, -0.0007486666666666667, -0.0013551666666666666, -0.00047966666666666665, 2e-06, -2.1e-05, 0.000294, -0.0014896666666666667, 0.0008733333333333333, -0.0001625, 0.0018816666666666667, 6.0333333333333334e-05, 0.0004465, -0.00014549999999999999, -0.00018916666666666667], [-0.0005006666666666667, 0.0068586666666666666, -0.0026790000000000004, 0.0005528333333333333, -1.8166666666666667e-05, 0.002585, -0.0005126666666666667, -0.001178, 0.0005338333333333333, 0.0010659999999999999, 4.466666666666667e-05, -0.0006781666666666667, 0.0006488333333333334, -0.004212833333333333, 0.0003178333333333333, -0.0007486666666666667, 0.0017813333333333333, -0.00027133333333333333, 5.066666666666667e-05, -0.00034516666666666664, 0.0013965, 0.001174, -0.0018643333333333333, -1.2833333333333333e-05, 0.00022666666666666668, -0.0012308333333333333, 0.00010233333333333333, 0.00020516666666666668, 0.0010245, -5.95e-05], [0.000378, -0.0011808333333333334, 0.0006808333333333333, -0.000214, 0.0009051666666666666, -0.0005470000000000001, 1.6666666666666669e-06, 0.00026933333333333334, 0.0011148333333333333, 0.0008643333333333333, -0.00025383333333333334, -0.0014126666666666665, 0.0011581666666666667, 0.0009494999999999999, -0.00015233333333333334, -0.0013551666666666666, -0.00027133333333333333, 0.0009885, 0.00041283333333333336, -7.766666666666667e-05, 0.0005498333333333333, -0.0011848333333333333, -0.0008065, 0.0003871666666666667, -0.000846, -0.0008176666666666666, 9.15e-05, -0.001048, -0.0002875, -0.00040666666666666667], [-0.0005796666666666667, 0.0011138333333333332, -0.00024333333333333333, 0.0003558333333333334, 0.0005646666666666667, -0.0002255, 0.00017833333333333332, -0.0003608333333333333, 0.00022466666666666666, -0.0003295, 0.00037616666666666663, -0.0007208333333333333, 0.0003025, -0.00011250000000000001, -0.00028983333333333335, -0.00047966666666666665, 5.066666666666667e-05, 0.00041283333333333336, 0.004771500000000001, -0.00021316666666666665, 0.0005531666666666667, 0.0003078333333333333, 0.00015433333333333334, 0.00012733333333333333, 0.000169, -0.0010856666666666666, -0.000305, -7.533333333333333e-05, -0.0020545, -8.25e-05], [0.0015143333333333335, 5.383333333333333e-05, 0.0022308333333333334, -0.0012838333333333332, -0.00016033333333333332, 0.0006596666666666666, 0.0017946666666666666, -0.0010048333333333333, -0.0016569999999999998, 1.2e-05, 0.0005181666666666667, -0.0006773333333333333, 0.0004701666666666667, 0.000421, 0.0002695, 2e-06, -0.00034516666666666664, -7.766666666666667e-05, -0.00021316666666666665, -0.006027, 0.0007751666666666666, -0.00010266666666666666, 0.00022983333333333333, -0.0001901666666666667, 0.0002843333333333333, -0.0002605, -0.000254, -0.00018483333333333332, 0.003682, 5.95e-05], [-0.0007915, -0.003990333333333334, -0.0007623333333333333, 0.0026055, 3.633333333333333e-05, 0.0020153333333333334, 0.0007880000000000001, -0.0007443333333333334, 0.0009091666666666666, 8.883333333333334e-05, 0.002516, 0.00044199999999999996, 0.001993833333333333, 0.00036849999999999996, -0.0017433333333333335, -2.1e-05, 0.0013965, 0.0005498333333333333, 0.0005531666666666667, 0.0007751666666666666, -0.0016955, 0.0006940000000000001, -0.0040451666666666665, 0.0014028333333333332, -5.766666666666667e-05, -0.0015901666666666666, -2.3666666666666668e-05, 0.000157, 0.0014841666666666666, 0.00023383333333333332], [-0.000741, -0.002728166666666667, 0.0007471666666666667, 0.001186, 0.0003471666666666667, 0.0011746666666666665, -0.0004015, -0.0004411666666666667, 0.0014198333333333335, 0.0010166666666666668, 0.0014033333333333335, 0.0005398333333333334, -0.00022250000000000001, -0.00047450000000000004, 0.0013518333333333334, 0.000294, 0.001174, -0.0011848333333333333, 0.0003078333333333333, -0.00010266666666666666, 0.0006940000000000001, 0.0016395000000000001, 0.002659166666666667, -0.0015066666666666666, -0.00014783333333333334, 0.00015166666666666668, 0.00045566666666666667, 0.00025749999999999997, -0.0002753333333333333, -3.116666666666667e-05], [-0.0007991666666666667, 0.0008258333333333334, 0.0008393333333333333, -0.0005288333333333333, -2.983333333333333e-05, -0.0014118333333333333, 0.0002035, -0.0005921666666666667, -0.000208, 0.0010926666666666667, -0.0006206666666666666, -0.00058, 5.500000000000001e-06, 0.0017528333333333335, -8.316666666666666e-05, -0.0014896666666666667, -0.0018643333333333333, -0.0008065, 0.00015433333333333334, 0.00022983333333333333, -0.0040451666666666665, 0.002659166666666667, -0.0021893333333333335, 0.0016890000000000002, 0.00017983333333333336, -0.0020313333333333333, 0.00013083333333333333, 2.9166666666666666e-05, 0.000882, 2.95e-05], [0.0008175, -0.0029196666666666663, 0.0012086666666666667, -8.466666666666666e-05, -0.0008123333333333333, -0.0002916666666666667, -0.000922, 0.0012046666666666666, -0.0002638333333333333, 0.0004935, -0.00026566666666666666, 0.000952, -0.0008863333333333333, 0.0013461666666666667, 0.0006696666666666666, 0.0008733333333333333, -1.2833333333333333e-05, 0.0003871666666666667, 0.00012733333333333333, -0.0001901666666666667, 0.0014028333333333332, -0.0015066666666666666, 0.0016890000000000002, 0.0027333333333333337, 0.00012483333333333332, 0.0007383333333333334, 0.00024183333333333335, -0.0006746666666666667, 0.00010233333333333333, 0.00011], [-0.00011783333333333333, -0.0006748333333333333, 0.000233, -7.816666666666666e-05, -0.00018316666666666666, 0.0002815, 0.0030083333333333333, 9.2e-05, 0.00026816666666666666, 0.001299, -0.0004703333333333333, -0.0006511666666666666, 0.00011233333333333333, 0.00018099999999999998, 0.0006891666666666666, -0.0001625, 0.00022666666666666668, -0.000846, 0.000169, 0.0002843333333333333, -5.766666666666667e-05, -0.00014783333333333334, 0.00017983333333333336, 0.00012483333333333332, 0.0015628333333333334, 0.000267, 0.00022433333333333333, -8e-05, 0.0006963333333333334, -8.883333333333334e-05], [-0.0006259999999999999, -0.000632, 0.0006928333333333334, 0.0012993333333333333, -0.0006738333333333333, -0.0010116666666666666, 0.0001485, -0.0018069999999999998, -0.0011786666666666666, -0.00027916666666666666, 0.00038816666666666665, -0.00045633333333333333, 0.0006911666666666666, 0.001621, 0.0005711666666666667, 0.0018816666666666667, -0.0012308333333333333, -0.0008176666666666666, -0.0010856666666666666, -0.0002605, -0.0015901666666666666, 0.00015166666666666668, -0.0020313333333333333, 0.0007383333333333334, 0.000267, -0.0012091666666666668, -0.00021433333333333333, 0.0005435, 0.0016863333333333333, -0.0012085], [-2.5333333333333334e-05, 0.0005205, -2.8333333333333335e-06, 0.00021766666666666668, -8.800000000000001e-05, 6.283333333333333e-05, 0.00029183333333333334, -0.000105, -0.00039400000000000004, -0.0005545, 0.0002798333333333333, 3.75e-05, -0.0005745, 9.633333333333332e-05, -0.00045816666666666667, 6.0333333333333334e-05, 0.00010233333333333333, 9.15e-05, -0.000305, -0.000254, -2.3666666666666668e-05, 0.00045566666666666667, 0.00013083333333333333, 0.00024183333333333335, 0.00022433333333333333, -0.00021433333333333333, -0.0032076666666666664, 5.1666666666666664e-05, 0.0007525, 3.6666666666666666e-05], [0.0001725, -0.000304, 0.0002068333333333333, -0.0004943333333333333, 0.00048433333333333336, -0.0005595, 4.966666666666666e-05, 7.466666666666666e-05, -6.766666666666667e-05, 0.00032116666666666665, -0.0001925, 0.00014866666666666666, -0.0002395, 0.000215, -0.001437, 0.0004465, 0.00020516666666666668, -0.001048, -7.533333333333333e-05, -0.00018483333333333332, 0.000157, 0.00025749999999999997, 2.9166666666666666e-05, -0.0006746666666666667, -8e-05, 0.0005435, 5.1666666666666664e-05, 0.0020726666666666667, -1.1000000000000001e-05, -5.0333333333333335e-05], [-0.00026816666666666666, -0.000556, -0.000783, -0.0005196666666666666, -0.0001465, 0.00034366666666666665, -0.0021183333333333336, 0.0011516666666666667, 0.000974, -0.001542, -6.5e-05, 0.0013956666666666666, -0.0014398333333333335, -0.00042616666666666665, 0.0019411666666666666, -0.00014549999999999999, 0.0010245, -0.0002875, -0.0020545, 0.003682, 0.0014841666666666666, -0.0002753333333333333, 0.000882, 0.00010233333333333333, 0.0006963333333333334, 0.0016863333333333333, 0.0007525, -1.1000000000000001e-05, -0.0036396666666666665, -0.00037683333333333335], [-2.4e-05, -0.002123, 0.00046699999999999997, 0.0006941666666666667, -0.0005036666666666667, 7.966666666666667e-05, -0.0007538333333333334, 0.00016816666666666664, 0.00046216666666666666, -0.00037483333333333336, 0.0008938333333333333, 0.00014900000000000002, 0.0004365, 0.000499, -0.0007128333333333334, -0.00018916666666666667, -5.95e-05, -0.00040666666666666667, -8.25e-05, 5.95e-05, 0.00023383333333333332, -3.116666666666667e-05, 2.95e-05, 0.00011, -8.883333333333334e-05, -0.0012085, 3.6666666666666666e-05, -5.0333333333333335e-05, -0.00037683333333333335, 0.006308166666666667]], [[0.0, -0.0018733333333333334, -9.016666666666667e-05, 1.3166666666666665e-05, -0.00031583333333333333, -8.583333333333334e-05, -5.2833333333333335e-05, -8.45e-05, 3.933333333333333e-05, -0.0011213333333333333, -6e-06, -4.6666666666666665e-05, -0.00013033333333333335, -0.00013766666666666666, -0.0009878333333333334, -1.7500000000000002e-05, -0.00012150000000000001, 0.0005668333333333334, 0.000126333