[{"type": "wannier"}, {"matrices": {"(-3, 1, 1)": [[[0.064956, -0.012067, -0.012062, -0.012062, -0.042257, 0.009489, 0.009496, 0.009494], [-0.012062, 0.064955, -0.012064, -0.012065, 0.009494, 0.019081, -0.022226, -0.022231], [-0.01207, -0.012062, 0.064957, -0.012062, 0.009502, -0.02223, 0.019076, -0.02223], [-0.012063, -0.012065, -0.012065, 0.064954, 0.009495, -0.022227, -0.022234, 0.019083], [0.032984, 0.009058, 0.009061, 0.009058, 0.064956, -0.012059, -0.012067, -0.012064], [0.009059, -0.025543, -0.015871, -0.015878, -0.012067, 0.064952, -0.012058, -0.012066], [0.009069, -0.015877, -0.025542, -0.015871, -0.012062, -0.01207, 0.064956, -0.012063], [0.009058, -0.015872, -0.015878, -0.025541, -0.012066, -0.012062, -0.012065, 0.064956]], [[1.9e-05, 1e-05, -2.4e-05, -1.3e-05, -5.2e-05, 3e-06, 2.3e-05, 1e-05], [1.3e-05, -1e-06, -4e-06, -1.3e-05, 4e-06, 1e-06, -1e-05, 1.3e-05], [-2.4e-05, 1e-06, 2e-06, 2.3e-05, 1.7e-05, -5e-06, 6e-06, -1.1e-05], [-6e-06, -1e-06, 2.3e-05, -7e-06, 1.4e-05, 1.1e-05, -1.6e-05, -3e-06], [-1.2e-05, -0.0, 1.7e-05, -3e-06, 1.9e-05, 1.6e-05, -3.3e-05, 1e-06], [3e-06, -9e-06, 6e-06, -5e-06, 1.2e-05, -2e-06, 3e-06, -5e-06], [1e-05, 7e-06, -1.4e-05, -1.3e-05, -3e-05, -3e-06, 4e-06, 2.2e-05], [2e-06, -7e-06, -1.3e-05, 1.7e-05, -1e-05, -1.7e-05, 2.8e-05, -8e-06]]], "(-2, -2, 2)": [[[0.004483, -0.003719, -0.003718, -0.003719, -0.016626, 0.005517, 0.005516, 0.005519], [-0.003719, 0.004482, -0.003717, -0.003717, 0.005519, 0.001096, -9.2e-05, -9.3e-05], [-0.003718, -0.003717, 0.004482, -0.003718, 0.005515, -9.2e-05, 0.001097, -9.2e-05], [-0.003719, -0.003717, -0.003718, 0.004483, 0.005519, -9.3e-05, -9.3e-05, 0.001096], [-0.016626, 0.005519, 0.005515, 0.005519, 0.004484, -0.003717, -0.003719, -0.003718], [0.005517, 0.001096, -9.2e-05, -9.3e-05, -0.003717, 0.004482, -0.003717, -0.003719], [0.005516, -9.2e-05, 0.001097, -9.3e-05, -0.003719, -0.003717, 0.004481, -0.003717], [0.005519, -9.3e-05, -9.2e-05, 0.001096, -0.003718, -0.003719, -0.003717, 0.004483]], [[0.0, -4e-06, 1e-06, 7e-06, 9e-06, -8e-06, 6e-06, -7e-06], [4e-06, 0.0, -1e-06, -4e-06, -8e-06, -3e-06, -2e-06, 1e-05], [-1e-06, 1e-06, 0.0, 0.0, 8e-06, -2e-06, -1e-06, -5e-06], [-7e-06, 4e-06, -0.0, -0.0, -8e-06, 1e-05, -4e-06, -0.0], [-9e-06, 8e-06, -8e-06, 8e-06, -0.0, 3e-06, 0.0, -8e-06], [8e-06, 3e-06, 2e-06, -1e-05, -3e-06, -0.0, -0.0, 5e-06], [-6e-06, 2e-06, 1e-06, 4e-06, -0.0, 0.0, -0.0, 0.0], [7e-06, -1e-05, 5e-06, 0.0, 8e-06, -5e-06, -0.0, 0.0]]], "(-2, -1, 1)": [[[-0.018052, 0.007718, 0.006237, 0.007718, 0.014532, -0.016474, 0.008236, -0.016468], [0.002388, -0.004594, 0.007717, -0.008786, -0.016468, 0.001387, 0.011492, 0.003623], [0.001866, 0.002386, -0.018053, 0.002388, 0.008226, 0.011493, -0.012547, 0.011493], [0.002387, -0.008786, 0.007718, -0.004595, -0.016465, 0.003625, 0.011492, 0.001383], [0.001097, -9.3e-05, 0.005517, -9.3e-05, -0.018055, 0.002388, 0.001868, 0.002386], [-9.2e-05, 0.001098, 0.005517, -9.3e-05, 0.007719, -0.004595, 0.002388, -0.008786], [0.005516, 0.005516, -0.016623, 0.005518, 0.006237, 0.007714, -0.018052, 0.007718], [-9.3e-05, -9.2e-05, 0.005516, 0.001098, 0.00772, -0.008785, 0.002385, -0.004595]], [[5e-06, -5e-06, 1.1e-05, 8e-06, 2.1e-05, -9e-06, -4e-06, -2e-06], [-3e-06, -1e-06, -2e-06, 1.1e-05, -4e-06, 0.0, -1.2e-05, 6e-06], [1.1e-05, -6e-06, -2e-06, -9e-06, -1e-05, -8e-06, -3e-06, 2.4e-05], [-4e-06, 9e-06, 6e-06, -1.2e-05, 7e-06, 4e-06, 1.8e-05, -3.1e-05], [3e-06, 1e-06, -2e-06, -2e-06, 9e-06, -3e-06, 6e-06, -2e-06], [1e-06, -1e-06, -1e-06, 2e-06, -8e-06, -2e-06, -1e-06, 8e-06], [-3e-06, -1e-06, 3e-06, 4e-06, 1.2e-05, -2e-06, -1e-06, 3e-06], [-1e-06, 3e-06, 3e-06, -3e-06, 4e-06, 1.1e-05, -6e-06, -1.3e-05]]], "(-2, -1, 2)": [[[-0.018054, 0.006239, 0.007717, 0.007718, 0.014539, 0.008229, -0.01647, -0.016467], [0.001869, -0.018051, 0.002386, 0.002385, 0.008224, -0.012543, 0.011494, 0.011493], [0.002386, 0.007718, -0.004593, -0.008784, -0.016467, 0.011491, 0.001381, 0.003624], [0.002389, 0.007716, -0.008786, -0.004596, -0.016468, 0.011492, 0.003624, 0.001383], [0.001099, 0.005515, -9.2e-05, -9.3e-05, -0.018053, 0.001865, 0.002388, 0.00239], [0.005517, -0.016623, 0.005517, 0.005516, 0.006237, -0.018053, 0.007719, 0.007718], [-9.3e-05, 0.005519, 0.001097, -9.1e-05, 0.007717, 0.002388, -0.004596, -0.008787], [-9.3e-05, 0.005516, -9.2e-05, 0.001097, 0.007721, 0.002387, -0.008784, -0.004596]], [[4e-06, 5e-06, 4e-06, -1.4e-05, -1.8e-05, -0.0, -7e-06, 1.6e-05], [-8e-06, 1e-06, 2e-06, 2e-06, 1e-06, 0.0, 1.2e-05, -1.8e-05], [4e-06, 2e-06, -1e-06, 1e-06, -1.7e-05, 2e-05, -2e-05, 1e-06], [6e-06, -7e-06, -3e-06, 4e-06, 2e-05, -2.2e-05, -3e-06, 1.9e-05], [5e-06, -1e-05, 5e-06, 1e-06, 1e-06, -8e-06, 0.0, 9e-06], [-1e-05, 0.0, -0.0, 9e-06, 5e-06, 1e-06, 6e-06, -1e-05], [5e-06, 1e-06, -2e-06, -5e-06, 8e-06, 1e-06, -0.0, -4e-06], [1e-06, 7e-06, -5e-06, -7e-06, -1.5e-05, -1e-06, 4e-06, 5e-06]]], "(-2, 0, 0)": [[[-0.013861, 0.004333, -0.068913, 0.004335, -0.012546, 0.011492, 0.008232, 0.011493], [0.004333, -0.005128, 0.004339, 0.029032, 0.011494, 0.001383, -0.016473, 0.003623], [-0.068913, 0.004339, -0.013875, 0.00434, 0.008222, -0.016466, 0.01454, -0.016465], [0.004335, 0.029032, 0.00434, -0.005132, 0.011495, 0.003622, -0.016468, 0.00138], [-0.012546, 0.011494, 0.008222, 0.011495, -0.013869, 0.004335, -0.068913, 0.004343], [0.011492, 0.001383, -0.016466, 0.003622, 0.004335, -0.00513, 0.004336, 0.029033], [0.008232, -0.016473, 0.01454, -0.016468, -0.068913, 0.004336, -0.013865, 0.004331], [0.011493, 0.003623, -0.016465, 0.00138, 0.004343, 0.029033, 0.004331, -0.005133]], [[0.0, 5e-06, 7e-06, -2e-05, -1.1e-05, 1.2e-05, -1.5e-05, 8e-06], [-5e-06, 0.0, -6e-06, 1.4e-05, 1.3e-05, -0.0, 0.0, -1.3e-05], [-7e-06, 6e-06, 0.0, -1.4e-05, -7e-06, -2e-06, -6e-06, 1.6e-05], [2e-05, -1.4e-05, 1.4e-05, 0.0, 8e-06, -1.2e-05, 2.2e-05, 1e-06], [1.1e-05, -1.3e-05, 7e-06, -8e-06, 0.0, -0.0, 1e-06, 2e-05], [-1.2e-05, 0.0, 2e-06, 1.2e-05, 0.0, 0.0, 4e-06, -1.3e-05], [1.5e-05, -0.0, 6e-06, -2.2e-05, -1e-06, -4e-06, 0.0, 2e-05], [-8e-06, 1.3e-05, -1.6e-05, -1e-06, -2e-05, 1.3e-05, -2e-05, 0.0]]], "(-2, 0, 1)": [[[0.013526, 0.056252, 0.056248, -0.05085, 0.019082, -0.022227, -0.022232, 0.009491], [-0.017138, -0.006067, -0.01044, 0.01486, -0.022229, 0.019079, -0.02223, 0.009494], [-0.017131, -0.010444, -0.006071, 0.014862, -0.022234, -0.022227, 0.019082, 0.009498], [0.004347, 0.022198, 0.022193, -0.016435, 0.009498, 0.009491, 0.009493, -0.042253], [-0.01271, 0.009626, 0.009628, 0.011416, 0.013535, -0.017139, -0.017134, 0.004349], [0.009629, -0.015327, -0.019315, 0.014531, 0.056243, -0.006071, -0.010432, 0.022195], [0.00963, -0.019314, -0.015322, 0.01453, 0.056246, -0.010444, -0.006067, 0.0222], [0.011412, 0.014534, 0.014534, -0.033739, -0.050845, 0.014867, 0.014855, -0.016442]], [[-4e-06, -3e-06, -1.9e-05, 1.2e-05, -7e-06, -7e-06, 9e-06, -4e-06], [7e-06, -3e-06, 2e-06, -8e-06, -1.1e-05, 1e-06, 1.2e-05, 1e-06], [-4e-05, 1.7e-05, 1e-06, 2e-05, 1.5e-05, 6e-06, -7e-06, -2.3e-05], [3.2e-05, -1.3e-05, 1.1e-05, -2e-05, -1.1e-05, 3e-06, -1.5e-05, 4.1e-05], [-2e-06, 8e-06, 3e-06, 2e-06, -1.2e-05, 8e-06, -2.8e-05, 1.8e-05], [2e-06, -4e-06, -7e-06, 3e-06, 1e-06, 2e-06, 1.6e-05, -2.5e-05], [1e-05, -1.7e-05, -2.3e-05, -1e-06, -2.2e-05, 6e-06, 3e-06, 1.8e-05], [-0.0, 6e-06, 2e-06, 6e-06, 1.5e-05, -1.1e-05, 1e-05, -1e-05]]], "(-2, 0, 2)": [[[-0.013864, -0.068915, 0.004337, 0.004333, -0.012551, 0.008233, 0.011496, 0.011493], [-0.068915, -0.013863, 0.004334, 0.004343, 0.008233, 0.014534, -0.016471, -0.016467], [0.004337, 0.004334, -0.005129, 0.029032, 0.011492, -0.01647, 0.001385, 0.003623], [0.004333, 0.004343, 0.029032, -0.005128, 0.011492, -0.016473, 0.003624, 0.001383], [-0.012551, 0.008233, 0.011492, 0.011492, -0.013867, -0.068914, 0.004339, 0.004333], [0.008233, 0.014534, -0.01647, -0.016473, -0.068914, -0.013859, 0.004334, 0.004337], [0.011496, -0.016471, 0.001385, 0.003624, 0.004339, 0.004334, -0.005129, 0.029032], [0.011493, -0.016467, 0.003623, 0.001383, 0.004333, 0.004337, 0.029032, -0.005133]], [[0.0, -1.2e-05, -1.2e-05, 1.6e-05, 7e-06, -6e-06, 1.6e-05, -2e-06], [1.2e-05, -0.0, 1e-06, -3e-06, -9e-06, -0.0, -1.9e-05, 2.9e-05], [1.2e-05, -1e-06, -0.0, 2.7e-05, 1.5e-05, -2.4e-05, -1.6e-05, 3e-06], [-1.6e-05, 3e-06, -2.7e-05, -0.0, -2e-06, 3.1e-05, 3e-06, -1e-05], [-7e-06, 9e-06, -1.5e-05, 2e-06, -0.0, 8e-06, 2.2e-05, -2.7e-05], [6e-06, 0.0, 2.4e-05, -3.1e-05, -8e-06, 0.0, -1e-05, 7e-06], [-1.6e-05, 1.9e-05, 1.6e-05, -3e-06, -2.2e-05, 1e-05, -0.0, -2.3e-05], [2e-06, -2.9e-05, -3e-06, 1e-05, 2.7e-05, -7e-06, 2.3e-05, 0.0]]], "(-2, 1, -1)": [[[-0.018052, 0.002388, 0.001866, 0.002387, 0.001097, -9.2e-05, 0.005516, -9.3e-05], [0.007718, -0.004594, 0.002386, -0.008786, -9.3e-05, 0.001098, 0.005516, -9.2e-05], [0.006237, 0.007717, -0.018053, 0.007718, 0.005517, 0.005517, -0.016623, 0.005516], [0.007718, -0.008786, 0.002388, -0.004595, -9.3e-05, -9.3e-05, 0.005518, 0.001098], [0.014532, -0.016468, 0.008226, -0.016465, -0.018055, 0.007719, 0.006237, 0.00772], [-0.016474, 0.001387, 0.011493, 0.003625, 0.002388, -0.004595, 0.007714, -0.008785], [0.008236, 0.011492, -0.012547, 0.011492, 0.001868, 0.002388, -0.018052, 0.002385], [-0.016468, 0.003623, 0.011493, 0.001383, 0.002386, -0.008786, 0.007718, -0.004595]], [[-5e-06, 3e-06, -1.1e-05, 4e-06, -3e-06, -1e-06, 3e-06, 1e-06], [5e-06, 1e-06, 6e-06, -9e-06, -1e-06, 1e-06, 1e-06, -3e-06], [-1.1e-05, 2e-06, 2e-06, -6e-06, 2e-06, 1e-06, -3e-06, -3e-06], [-8e-06, -1.1e-05, 9e-06, 1.2e-05, 2e-06, -2e-06, -4e-06, 3e-06], [-2.1e-05, 4e-06, 1e-05, -7e-06, -9e-06, 8e-06, -1.2e-05, -4e-06], [9e-06, -0.0, 8e-06, -4e-06, 3e-06, 2e-06, 2e-06, -1.1e-05], [4e-06, 1.2e-05, 3e-06, -1.8e-05, -6e-06, 1e-06, 1e-06, 6e-06], [2e-06, -6e-06, -2.4e-05, 3.1e-05, 2e-06, -8e-06, -3e-06, 1.3e-05]]], "(-2, 1, 0)": [[[-0.006069, -0.010434, -0.017138, 0.014858, 0.001383, 0.011493, -0.01647, 0.003624], [-0.010443, -0.006074, -0.017133, 0.014865, 0.011493, -0.012548, 0.008232, 0.011492], [0.056243, 0.05625, 0.013538, -0.050848, -0.016467, 0.008231, 0.01453, -0.016473], [0.022204, 0.022192, 0.004347, -0.016442, 0.003623, 0.011492, -0.016467, 0.001386], [0.092868, -0.08758, 0.018366, -0.011061, -0.006069, -0.010434, 0.056244, 0.02219], [-0.087563, -0.20396, -0.087578, 0.12322, -0.010451, -0.006065, 0.056253, 0.0222], [0.018388, -0.087557, 0.092871, -0.011083, -0.017138, -0.01713, 0.013529, 0.004347], [-0.011077, 0.123218, -0.011062, -0.023603, 0.014867, 0.014851, -0.050849, -0.016435]], [[7e-06, -1.6e-05, 1e-05, 1.1e-05, 1.9e-05, -6e-06, 2e-05, -1e-06], [2e-06, 1e-06, 0.0, -5e-06, -6e-06, -1e-06, 3e-06, 1.2e-05], [-5e-06, 1.3e-05, -4e-06, 7e-06, 1.5e-05, 1e-06, -0.0, -1.3e-05], [-2.7e-05, 2e-05, -9e-06, -1e-06, 3e-06, 9e-06, -1.7e-05, -2.5e-05], [8e-06, 2.2e-05, -1.3e-05, -3e-06, 4e-06, 2e-06, -1.3e-05, -1.9e-05], [1.9e-05, 9e-06, 6e-06, -2.1e-05, -1.1e-05, 3e-06, 1.4e-05, 1.4e-05], [-2.3e-05, 1e-06, -5.6e-05, 4.2e-05, 7e-06, 4e-06, -8e-06, -1.3e-05], [6e-06, -2e-05, 3.7e-05, -0.0, 1.4e-05, -9e-06, 1.3e-05, -2e-06]]], "(-2, 1, 1)": [[[-0.006062, -0.01713, -0.010432, 0.01485, 0.001381, -0.01647, 0.011494, 0.003624], [0.056248, 0.013533, 0.05625, -0.050849, -0.01647, 0.014538, 0.008226, -0.01647], [-0.010451, -0.017139, -0.006074, 0.014871, 0.011494, 0.008228, -0.012545, 0.011491], [0.022201, 0.004347, 0.02219, -0.016437, 0.003623, -0.016464, 0.011495, 0.00138], [0.092875, 0.018371, -0.087565, -0.011076, -0.006072, 0.056249, -0.010438, 0.022191], [0.018377, 0.092869, -0.087567, -0.011076, -0.017133, 0.013534, -0.017138, 0.004347], [-0.087564, -0.087578, -0.203957, 0.123218, -0.010444, 0.056248, -0.006064, 0.022199], [-0.011072, -0.01106, 0.123217, -0.023603, 0.014865, -0.050852, 0.014855, -0.016435]], [[-1.1e-05, -1e-06, -1.7e-05, 1.9e-05, 3.5e-05, 1.1e-05, -1.4e-05, -5e-06], [-2.2e-05, -6e-06, -2e-06, 2e-05, 8e-06, 5e-06, -3e-06, -9e-06], [4.2e-05, -1e-05, 1.4e-05, -2.4e-05, -1.5e-05, -3e-06, -4e-06, 1.9e-05], [-4.6e-05, 1e-06, 1.7e-05, 9e-06, -1e-06, -1.8e-05, 2.1e-05, -3.4e-05], [1.8e-05, 1.7e-05, 2e-06, -1e-06, -1.5e-05, -2e-05, 3e-05, -2.7e-05], [1.4e-05, 1.8e-05, -9e-06, -5e-06, -7e-06, 5e-06, -1e-05, 1.4e-05], [-1.9e-05, 1.7e-05, 3.1e-05, -2e-05, -1.5e-05, -2e-06, 7e-06, 1.3e-05], [1e-05, -1.7e-05, -1.8e-05, 2e-06, 2.2e-05, 1.7e-05, -1.5e-05, -3e-06]]], "(-2, 1, 2)": [[[-0.018054, 0.001869, 0.002386, 0.002389, 0.001099, 0.005517, -9.3e-05, -9.3e-05], [0.006239, -0.018051, 0.007718, 0.007716, 0.005515, -0.016623, 0.005519, 0.005516], [0.007717, 0.002386, -0.004593, -0.008786, -9.2e-05, 0.005517, 0.001097, -9.2e-05], [0.007718, 0.002385, -0.008784, -0.004596, -9.3e-05, 0.005516, -9.1e-05, 0.001097], [0.014539, 0.008224, -0.016467, -0.016468, -0.018053, 0.006237, 0.007717, 0.007721], [0.008229, -0.012543, 0.011491, 0.011492, 0.001865, -0.018053, 0.002388, 0.002387], [-0.01647, 0.011494, 0.001381, 0.003624, 0.002388, 0.007719, -0.004596, -0.008784], [-0.016467, 0.011493, 0.003624, 0.001383, 0.00239, 0.007718, -0.008787, -0.004596]], [[-4e-06, 8e-06, -4e-06, -6e-06, -5e-06, 1e-05, -5e-06, -1e-06], [-5e-06, -1e-06, -2e-06, 7e-06, 1e-05, -0.0, -1e-06, -7e-06], [-4e-06, -2e-06, 1e-06, 3e-06, -5e-06, 0.0, 2e-06, 5e-06], [1.4e-05, -2e-06, -1e-06, -4e-06, -1e-06, -9e-06, 5e-06, 7e-06], [1.8e-05, -1e-06, 1.7e-05, -2e-05, -1e-06, -5e-06, -8e-06, 1.5e-05], [0.0, -0.0, -2e-05, 2.2e-05, 8e-06, -1e-06, -1e-06, 1e-06], [7e-06, -1.2e-05, 2e-05, 3e-06, -0.0, -6e-06, 0.0, -4e-06], [-1.6e-05, 1.8e-05, -1e-06, -1.9e-05, -9e-06, 1e-05, 4e-06, -5e-06]]], "(-2, 2, -2)": [[[0.004483, -0.003719, -0.003718, -0.003719, -0.016626, 0.005517, 0.005516, 0.005519], [-0.003719, 0.004482, -0.003717, -0.003717, 0.005519, 0.001096, -9.2e-05, -9.3e-05], [-0.003718, -0.003717, 0.004482, -0.003718, 0.005515, -9.2e-05, 0.001097, -9.2e-05], [-0.003719, -0.003717, -0.003718, 0.004483, 0.005519, -9.3e-05, -9.3e-05, 0.001096], [-0.016626, 0.005519, 0.005515, 0.005519, 0.004484, -0.003717, -0.003719, -0.003718], [0.005517, 0.001096, -9.2e-05, -9.3e-05, -0.003717, 0.004482, -0.003717, -0.003719], [0.005516, -9.2e-05, 0.001097, -9.3e-05, -0.003719, -0.003717, 0.004481, -0.003717], [0.005519, -9.3e-05, -9.2e-05, 0.001096, -0.003718, -0.003719, -0.003717, 0.004483]], [[0.0, -4e-06, 1e-06, 7e-06, 9e-06, -8e-06, 6e-06, -7e-06], [4e-06, 0.0, -1e-06, -4e-06, -8e-06, -3e-06, -2e-06, 1e-05], [-1e-06, 1e-06, 0.0, 0.0, 8e-06, -2e-06, -1e-06, -5e-06], [-7e-06, 4e-06, -0.0, -0.0, -8e-06, 1e-05, -4e-06, -0.0], [-9e-06, 8e-06, -8e-06, 8e-06, -0.0, 3e-06, 0.0, -8e-06], [8e-06, 3e-06, 2e-06, -1e-05, -3e-06, -0.0, -0.0, 5e-06], [-6e-06, 2e-06, 1e-06, 4e-06, -0.0, 0.0, -0.0, 0.0], [7e-06, -1e-05, 5e-06, 0.0, 8e-06, -5e-06, -0.0, 0.0]]], "(-2, 2, -1)": [[[-0.004595, 0.007717, 0.002387, -0.008785, -0.015323, 0.00963, -0.019315, 0.014532], [0.002386, -0.018052, 0.001866, 0.002388, 0.009627, -0.012709, 0.009628, 0.011412], [0.007718, 0.00624, -0.018051, 0.007718, -0.019312, 0.009626, -0.015328, 0.014533], [-0.008786, 0.007718, 0.002386, -0.004594, 0.014533, 0.011412, 0.014533, -0.033738], [-0.015325, -0.019312, 0.009625, 0.014534, -0.004594, 0.002387, 0.007717, -0.008786], [-0.019314, -0.015325, 0.009625, 0.014536, 0.007716, -0.018051, 0.00624, 0.007716], [0.00963, 0.00963, -0.012708, 0.01141, 0.002386, 0.001868, -0.018054, 0.002386], [0.014531, 0.01453, 0.011416, -0.033739, -0.008784, 0.002385, 0.007718, -0.004593]], [[-2e-06, -7e-06, 1.1e-05, -1e-05, -0.0, 4e-06, -5e-06, 2e-06], [-5e-06, -1e-06, 0.0, 5e-06, -3e-06, 9e-06, -1e-06, -6e-06], [2e-06, -5e-06, 1e-06, -2e-06, 1e-06, -5e-06, 1e-06, 5e-06], [1.4e-05, 1e-05, -1.4e-05, -1e-06, -0.0, -3e-06, 5e-06, -3e-06], [3.9e-05, 0.0, -3e-06, -7e-06, -4e-06, -6e-06, 6e-06, 1e-05], [-1e-06, -2e-06, 1e-06, 1e-06, -1e-05, 1e-06, -6e-06, 1.1e-05], [-3e-06, 5e-06, -4e-06, 5e-06, 1.2e-05, -1e-06, 1e-06, -1.2e-05], [-8e-06, -0.0, 7e-06, -8e-06, -7e-06, 6e-06, -7e-06, -1e-06]]], "(-2, 2, 0)": [[[-0.005131, 0.004338, 0.004339, 0.02903, -0.203953, -0.087574, -0.087574, 0.12322], [0.004338, -0.013864, -0.068917, 0.004337, -0.087564, 0.092874, 0.018372, -0.011078], [0.004339, -0.068917, -0.013865, 0.004338, -0.087575, 0.018375, 0.092871, -0.011072], [0.02903, 0.004337, 0.004338, -0.005133, 0.123219, -0.011066, -0.011063, -0.023605], [-0.203953, -0.087564, -0.087575, 0.123219, -0.00513, 0.004335, 0.004335, 0.029037], [-0.087574, 0.092874, 0.018375, -0.011066, 0.004335, -0.013868, -0.068916, 0.004338], [-0.087574, 0.018372, 0.092871, -0.011063, 0.004335, -0.068916, -0.013861, 0.004339], [0.12322, -0.011078, -0.011072, -0.023605, 0.029037, 0.004338, 0.004339, -0.005132]], [[0.0, -2e-06, -2.4e-05, -2.6e-05, -1.6e-05, 2.4e-05, -2.7e-05, 2e-06], [2e-06, -0.0, -4e-06, -7e-06, 5e-06, 1.8e-05, 1.7e-05, -1.9e-05], [2.4e-05, 4e-06, 0.0, -2.4e-05, -9e-06, 2.4e-05, 1e-06, 4e-06], [2.6e-05, 7e-06, 2.4e-05, -0.0, -2e-06, -2.7e-05, 1.1e-05, 2e-05], [1.6e-05, -5e-06, 9e-06, 2e-06, -0.0, 7e-06, 2.5e-05, 1.9e-05], [-2.4e-05, -1.8e-05, -2.4e-05, 2.7e-05, -7e-06, -0.0, 1e-06, 1e-05], [2.7e-05, -1.7e-05, -1e-06, -1.1e-05, -2.5e-05, -1e-06, -0.0, 2.5e-05], [-2e-06, 1.9e-05, -4e-06, -2e-05, -1.9e-05, -1e-05, -2.5e-05, -0.0]]], "(-2, 2, 1)": [[[-0.004595, 0.002386, 0.007718, -0.008786, -0.015325, -0.019314, 0.00963, 0.014531], [0.007717, -0.018052, 0.00624, 0.007718, -0.019312, -0.015325, 0.00963, 0.01453], [0.002387, 0.001866, -0.018051, 0.002386, 0.009625, 0.009625, -0.012708, 0.011416], [-0.008785, 0.002388, 0.007718, -0.004594, 0.014534, 0.014536, 0.01141, -0.033739], [-0.015323, 0.009627, -0.019312, 0.014533, -0.004594, 0.007716, 0.002386, -0.008784], [0.00963, -0.012709, 0.009626, 0.011412, 0.002387, -0.018051, 0.001868, 0.002385], [-0.019315, 0.009628, -0.015328, 0.014533, 0.007717, 0.00624, -0.018054, 0.007718], [0.014532, 0.011412, 0.014533, -0.033738, -0.008786, 0.007716, 0.002386, -0.004593]], [[2e-06, 5e-06, -2e-06, -1.4e-05, -3.9e-05, 1e-06, 3e-06, 8e-06], [7e-06, 1e-06, 5e-06, -1e-05, -0.0, 2e-06, -5e-06, 0.0], [-1.1e-05, -0.0, -1e-06, 1.4e-05, 3e-06, -1e-06, 4e-06, -7e-06], [1e-05, -5e-06, 2e-06, 1e-06, 7e-06, -1e-06, -5e-06, 8e-06], [0.0, 3e-06, -1e-06, 0.0, 4e-06, 1e-05, -1.2e-05, 7e-06], [-4e-06, -9e-06, 5e-06, 3e-06, 6e-06, -1e-06, 1e-06, -6e-06], [5e-06, 1e-06, -1e-06, -5e-06, -6e-06, 6e-06, -1e-06, 7e-06], [-2e-06, 6e-06, -5e-06, 3e-06, -1e-05, -1.1e-05, 1.2e-05, 1e-06]]], "(-2, 2, 2)": [[[0.004483, -0.003719, -0.003718, -0.003719, -0.016626, 0.005517, 0.005516, 0.005519], [-0.003719, 0.004482, -0.003717, -0.003717, 0.005519, 0.001096, -9.2e-05, -9.3e-05], [-0.003718, -0.003717, 0.004482, -0.003718, 0.005515, -9.2e-05, 0.001097, -9.2e-05], [-0.003719, -0.003717, -0.003718, 0.004483, 0.005519, -9.3e-05, -9.3e-05, 0.001096], [-0.016626, 0.005519, 0.005515, 0.005519, 0.004484, -0.003717, -0.003719, -0.003718], [0.005517, 0.001096, -9.2e-05, -9.3e-05, -0.003717, 0.004482, -0.003717, -0.003719], [0.005516, -9.2e-05, 0.001097, -9.3e-05, -0.003719, -0.003717, 0.004481, -0.003717], [0.005519, -9.3e-05, -9.2e-05, 0.001096, -0.003718, -0.003719, -0.003717, 0.004483]], [[0.0, -4e-06, 1e-06, 7e-06, 9e-06, -8e-06, 6e-06, -7e-06], [4e-06, 0.0, -1e-06, -4e-06, -8e-06, -3e-06, -2e-06, 1e-05], [-1e-06, 1e-06, 0.0, 0.0, 8e-06, -2e-06, -1e-06, -5e-06], [-7e-06, 4e-06, -0.0, -0.0, -8e-06, 1e-05, -4e-06, -0.0], [-9e-06, 8e-06, -8e-06, 8e-06, 0.0, 3e-06, 0.0, -8e-06], [8e-06, 3e-06, 2e-06, -1e-05, -3e-06, -0.0, -0.0, 5e-06], [-6e-06, 2e-06, 1e-06, 4e-06, -0.0, 0.0, -0.0, 0.0], [7e-06, -1e-05, 5e-06, 0.0, 8e-06, -5e-06, -0.0, 0.0]]], "(-1, -2, 1)": [[[-0.004595, -0.008787, 0.00772, 0.002386, -0.015324, 0.014534, 0.009627, -0.019314], [-0.008785, -0.004594, 0.007717, 0.002388, 0.014535, -0.033739, 0.01141, 0.014536], [0.002387, 0.002387, -0.018053, 0.001865, 0.009627, 0.011413, -0.012707, 0.009626], [0.007717, 0.007719, 0.006237, -0.018052, -0.019315, 0.014533, 0.009629, -0.015324], [-0.015324, 0.014534, -0.019317, 0.009628, -0.004594, -0.008786, 0.002387, 0.007719], [0.014534, -0.033741, 0.014535, 0.011413, -0.008786, -0.004594, 0.002386, 0.007719], [-0.019316, 0.014536, -0.015328, 0.009627, 0.007718, 0.007716, -0.018051, 0.006237], [0.009628, 0.011412, 0.009628, -0.012709, 0.002386, 0.002388, 0.001866, -0.018053]], [[1e-05, -7e-06, -7e-06, 4e-06, -3e-06, -2e-06, -2e-06, -7e-06], [-1.1e-05, 1e-06, -4e-06, 1e-05, -4e-06, 1e-06, -2e-06, 2e-06], [6e-06, -1e-06, 8e-06, -7e-06, 1e-06, -3e-06, 2e-06, 7e-06], [-1e-06, 9e-06, -8e-06, -1.3e-05, -1e-05, 3e-06, 4e-06, 6e-06], [-1.4e-05, 5e-06, 4e-06, 1.1e-05, 1.2e-05, -1.3e-05, 5e-06, 0.0], [4e-06, 3e-06, -7e-06, 4e-06, -6e-06, 1e-06, -1e-06, 1e-05], [8e-06, -8e-06, 4e-06, -3e-06, -8e-06, -2e-06, 8e-06, -8e-06], [3e-06, 5e-06, -2e-06, -7e-06, 5e-06, 9e-06, -8e-06, -1.5e-05]]], "(-1, -2, 2)": [[[-0.004594, 0.007717, -0.008786, 0.002387, -0.015327, 0.00963, 0.014534, -0.019317], [0.002387, -0.018052, 0.002388, 0.001864, 0.009626, -0.012708, 0.011414, 0.009628], [-0.008787, 0.007719, -0.004596, 0.002389, 0.014535, 0.011413, -0.033741, 0.014532], [0.007719, 0.006237, 0.007718, -0.018053, -0.019316, 0.009629, 0.014532, -0.01532], [-0.015327, -0.019315, 0.014536, 0.009624, -0.004594, 0.002387, -0.008785, 0.007719], [-0.019315, -0.015322, 0.014534, 0.009626, 0.007718, -0.018052, 0.007718, 0.006237], [0.014534, 0.014531, -0.033741, 0.011414, -0.008787, 0.002387, -0.004596, 0.007717], [0.009628, 0.009629, 0.011413, -0.012707, 0.002388, 0.001867, 0.002387, -0.018054]], [[-7e-06, 6e-06, 8e-06, -6e-06, -6e-06, 8e-06, -5e-06, 2e-06], [-1e-06, -1e-06, 1e-06, 5e-06, 1.3e-05, 1e-06, 2e-06, -1.4e-05], [-2e-06, -0.0, -2e-06, -1e-06, -2e-06, -1e-06, -3e-06, 6e-06], [1.9e-05, -1.3e-05, -1.1e-05, -2e-06, -1e-06, -8e-06, 5e-06, 1.1e-05], [7e-06, -2.7e-05, 8e-06, -1.1e-05, -7e-06, 0.0, 2e-06, 1.3e-05], [-3e-05, -5e-06, 7e-06, 2.2e-05, 1.2e-05, -2e-06, -5e-06, -1.2e-05], [1.1e-05, 9e-06, 1.4e-05, -1.3e-05, 3e-06, 1e-06, -1e-06, -6e-06], [-8e-06, 1.5e-05, -1e-05, -0.0, -7e-06, 5e-06, -2e-06, -1e-06]]], "(-1, -1, -1)": [[[0.064956, -0.012062, -0.01207, -0.012063, 0.032984, 0.009059, 0.009069, 0.009058], [-0.012067, 0.064955, -0.012062, -0.012065, 0.009058, -0.025543, -0.015877, -0.015872], [-0.012062, -0.012064, 0.064957, -0.012065, 0.009061, -0.015871, -0.025542, -0.015878], [-0.012062, -0.012065, -0.012062, 0.064954, 0.009058, -0.015878, -0.015871, -0.025541], [-0.042257, 0.009494, 0.009502, 0.009495, 0.064956, -0.012067, -0.012062, -0.012066], [0.009489, 0.019081, -0.02223, -0.022227, -0.012059, 0.064952, -0.01207, -0.012062], [0.009496, -0.022226, 0.019076, -0.022234, -0.012067, -0.012058, 0.064956, -0.012065], [0.009494, -0.022231, -0.02223, 0.019083, -0.012064, -0.012066, -0.012063, 0.064956]], [[-1.9e-05, -1.3e-05, 2.4e-05, 6e-06, 1.2e-05, -3e-06, -1e-05, -2e-06], [-1e-05, 1e-06, -1e-06, 1e-06, 0.0, 9e-06, -7e-06, 7e-06], [2.4e-05, 4e-06, -2e-06, -2.3e-05, -1.7e-05, -6e-06, 1.4e-05, 1.3e-05], [1.3e-05, 1.3e-05, -2.3e-05, 7e-06, 3e-06, 5e-06, 1.3e-05, -1.7e-05], [5.2e-05, -4e-06, -1.7e-05, -1.4e-05, -1.9e-05, -1.2e-05, 3e-05, 1e-05], [-3e-06, -1e-06, 5e-06, -1.1e-05, -1.6e-05, 2e-06, 3e-06, 1.7e-05], [-2.3e-05, 1e-05, -6e-06, 1.6e-05, 3.3e-05, -3e-06, -4e-06, -2.8e-05], [-1e-05, -1.3e-05, 1.1e-05, 3e-06, -1e-06, 5e-06, -2.2e-05, 8e-06]]], "(-1, -1, 0)": [[[-0.006065, 0.022201, 0.056244, -0.010449, 0.092869, -0.011075, 0.018384, -0.087561], [0.014857, -0.016442, -0.050849, 0.014865, -0.011065, -0.023603, -0.011074, 0.123218], [-0.017136, 0.004349, 0.013539, -0.017133, 0.018374, -0.011062, 0.092865, -0.087583], [-0.010442, 0.022195, 0.05625, -0.006068, -0.087576, 0.123218, -0.087568, -0.203952], [0.00138, 0.003622, -0.016463, 0.011494, -0.006066, 0.014865, -0.017139, -0.010449], [0.003623, 0.001386, -0.016475, 0.011492, 0.022191, -0.016434, 0.004346, 0.022198], [-0.016469, -0.01647, 0.014536, 0.008231, 0.056248, -0.050857, 0.013537, 0.056251], [0.011495, 0.011493, 0.008228, -0.012549, -0.010439, 0.014855, -0.017131, -0.006067]], [[2.6e-05, 1.1e-05, -3e-05, -1.9e-05, -1.2e-05, 2e-06, -5e-06, 1.6e-05], [-8e-06, -1e-06, 4e-06, 1e-05, 7e-06, -1e-06, 3e-06, -2.3e-05], [-1e-05, -3e-06, 2e-06, 8e-06, -1.1e-05, 4e-06, -4e-06, 2.2e-05], [1.5e-05, -1.3e-05, 2.4e-05, -1.2e-05, 1.8e-05, -2.2e-05, 1.4e-05, 2.8e-05], [-1.9e-05, -7e-06, 2.9e-05, 1.4e-05, 2.9e-05, -6e-06, -1.2e-05, 1.1e-05], [-8e-06, -5e-06, 0.0, 1.7e-05, 1.2e-05, -5e-06, 2e-06, -9e-06], [2.9e-05, 1e-06, -8e-06, -1.9e-05, -2.4e-05, -2e-06, 1e-05, 2.3e-05], [1.6e-05, 1.8e-05, -1.9e-05, -2.4e-05, -2.6e-05, 1.2e-05, 8e-06, -1.4e-05]]], "(-1, -1, 1)": [[[0.011409, 0.021783, 0.021778, -0.017869, -0.159018, 0.001921, 0.001916, 0.025634], [-0.007208, 0.011412, -0.017873, -0.007207, 0.001915, 0.004836, 0.008082, -0.007109], [-0.007207, -0.017867, 0.011414, -0.00721, 0.001929, 0.008082, 0.004823, -0.007099], [-0.017874, 0.021782, 0.021782, 0.011409, 0.025645, -0.007104, -0.007095, -0.012321], [-0.03374, 0.014535, 0.014532, 0.011412, 0.011412, -0.007204, -0.007208, -0.017874], [0.014533, -0.015327, -0.019315, 0.009629, 0.021788, 0.011405, -0.017873, 0.021785], [0.014532, -0.019313, -0.015321, 0.009628, 0.021781, -0.017874, 0.011409, 0.021778], [0.011413, 0.009625, 0.009626, -0.012706, -0.01787, -0.00721, -0.007208, 0.011415]], [[-2.3e-05, 1.8e-05, 2.6e-05, -1e-06, 1e-06, -6e-06, 7e-06, 8e-06], [1e-05, 3e-06, 6e-06, -1.5e-05, 4e-06, -1.1e-05, 1.2e-05, -3e-06], [-5e-06, -6e-06, -1.2e-05, 1e-05, 5e-06, 2.3e-05, 4e-06, -3.7e-05], [-1e-06, -1.8e-05, -1.9e-05, 2.8e-05, 2e-06, 2e-06, -6.1e-05, 0.000109], [-1e-06, -6e-06, -1.1e-05, 4e-06, -2.1e-05, 1.3e-05, -1.6e-05, 4e-06], [-7e-06, 1.3e-05, 1.2e-05, -1.1e-05, 1.1e-05, 3e-06, 6e-06, -1.9e-05], [-9e-06, 1.4e-05, 1.7e-05, -2e-06, 3.4e-05, 2e-06, -1e-06, -2.9e-05], [3e-06, -9e-06, 1e-06, 2e-06, -1.2e-05, -1.4e-05, 1.5e-05, 2.4e-05]]], "(-1, -1, 2)": [[[-0.006071, 0.056254, 0.022204, -0.010448, 0.092867, 0.018379, -0.01107, -0.087572], [-0.017134, 0.013531, 0.004347, -0.017134, 0.018369, 0.092875, -0.011069, -0.087567], [0.014863, -0.050853, -0.016443, 0.014869, -0.011062, -0.011081, -0.023602, 0.123218], [-0.01044, 0.05625, 0.022198, -0.006073, -0.087582, -0.087556, 0.123218, -0.203956], [0.001385, -0.016467, 0.003622, 0.011491, -0.006074, -0.017132, 0.014864, -0.010446], [-0.016474, 0.014536, -0.016466, 0.008231, 0.056253, 0.013525, -0.05085, 0.056247], [0.003624, -0.016472, 0.001383, 0.011495, 0.022197, 0.00434, -0.016434, 0.022201], [0.011492, 0.008232, 0.011494, -0.012549, -0.010439, -0.017132, 0.014854, -0.006067]], [[1e-05, -5e-06, -4e-05, 4.1e-05, 4e-05, -9e-06, 9e-06, 8e-06], [1.3e-05, -7e-06, -6e-06, -7e-06, -4e-06, -1e-06, -1.5e-05, 4e-05], [-7e-06, -1e-06, 1.1e-05, -4e-06, -6e-06, -4e-06, 1.5e-05, -3.3e-05], [-3.7e-05, 6e-06, 2.7e-05, -2e-06, 2.8e-05, 1.6e-05, -3.3e-05, 4.1e-05], [-1e-05, 3.3e-05, 9e-06, -7e-06, 0.0, 6e-06, 1e-06, -3.6e-05], [3.7e-05, -5e-06, -2.7e-05, -2e-06, -7e-06, 2e-06, -1e-06, 8e-06], [2e-06, -1.5e-05, -1e-05, 1.3e-05, -1.9e-05, 1e-06, -0.0, 1.9e-05], [-5e-06, -4e-06, 1.1e-05, 9e-06, 3.4e-05, -3e-06, -2e-06, -5e-06]]], "(-1, -1, 3)": [[[0.064956, -0.012062, -0.01207, -0.012063, 0.032984, 0.009059, 0.009069, 0.009058], [-0.012067, 0.064955, -0.012062, -0.012065, 0.009058, -0.025543, -0.015877, -0.015872], [-0.012062, -0.012064, 0.064957, -0.012065, 0.009061, -0.015871, -0.025542, -0.015878], [-0.012062, -0.012065, -0.012062, 0.064954, 0.009058, -0.015878, -0.015871, -0.025541], [-0.042257, 0.009494, 0.009502, 0.009495, 0.064956, -0.012067, -0.012062, -0.012066], [0.009489, 0.019081, -0.02223, -0.022227, -0.012059, 0.064952, -0.01207, -0.012062], [0.009496, -0.022226, 0.019076, -0.022234, -0.012067, -0.012058, 0.064956, -0.012065], [0.009494, -0.022231, -0.02223, 0.019083, -0.012064, -0.012066, -0.012063, 0.064956]], [[-1.9e-05, -1.3e-05, 2.4e-05, 6e-06, 1.2e-05, -3e-06, -1e-05, -2e-06], [-1e-05, 1e-06, -1e-06, 1e-06, 0.0, 9e-06, -7e-06, 7e-06], [2.4e-05, 4e-06, -2e-06, -2.3e-05, -1.7e-05, -6e-06, 1.4e-05, 1.3e-05], [1.3e-05, 1.3e-05, -2.3e-05, 7e-06, 3e-06, 5e-06, 1.3e-05, -1.7e-05], [5.2e-05, -4e-06, -1.7e-05, -1.4e-05, -1.9e-05, -1.2e-05, 3e-05, 1e-05], [-3e-06, -1e-06, 5e-06, -1.1e-05, -1.6e-05, 2e-06, 3e-06, 1.7e-05], [-2.3e-05, 1e-05, -6e-06, 1.6e-05, 3.3e-05, -3e-06, -4e-06, -2.8e-05], [-1e-05, -1.3e-05, 1.1e-05, 3e-06, -1e-06, 5e-06, -2.2e-05, 8e-06]]], "(-1, 0, -1)": [[[0.01353, 0.004342, -0.017131, -0.017136, -0.012709, 0.011412, 0.00963, 0.009629], [-0.050853, -0.016437, 0.014863, 0.014861, 0.011414, -0.033741, 0.014534, 0.014532], [0.056256, 0.022197, -0.00607, -0.010444, 0.009628, 0.014535, -0.015324, -0.019318], [0.056244, 0.022204, -0.010446, -0.006067, 0.009628, 0.014533, -0.019318, -0.015324], [0.019083, 0.009498, -0.022233, -0.022234, 0.013533, -0.050845, 0.056248, 0.056246], [0.009498, -0.042258, 0.009491, 0.009495, 0.004344, -0.016438, 0.022201, 0.022197], [-0.022233, 0.009491, 0.019087, -0.022226, -0.017128, 0.014855, -0.006071, -0.010438], [-0.022231, 0.009496, -0.02223, 0.019082, -0.017136, 0.014864, -0.010446, -0.006069]], [[6e-06, -7e-06, -2.3e-05, -2e-06, -6e-06, 4e-06, 1e-06, 1.3e-05], [2.4e-05, 7e-06, 3e-06, -1.1e-05, 1e-06, 2e-06, -6e-06, 3e-06], [-3.6e-05, 7e-06, -2e-06, 1.7e-05, 7e-06, -9e-06, 7e-06, -1.2e-05], [-2.5e-05, -1.5e-05, 2.6e-05, 5e-06, 1e-05, 4e-06, -4e-06, -1.2e-05], [-4.7e-05, 2e-06, 2.5e-05, 6e-06, 8e-06, 2.5e-05, -3e-05, -3.1e-05], [-2e-06, 3e-06, 5e-06, -0.0, -0.0, 1e-06, 1e-06, -7e-06], [3.2e-05, -1e-06, -1e-06, -3.5e-05, -3.4e-05, 9e-06, -3e-06, 3.1e-05], [3e-06, 2e-06, -2.6e-05, 3.2e-05, 6e-06, -1.1e-05, 1e-05, 3e-06]]], "(-1, 0, 0)": [[[0.107789, 0.27821, -0.078874, -0.086758, 0.004837, 0.008079, 0.001912, -0.007108], [-0.086767, -0.084972, -0.086775, 0.108655, 0.008082, 0.004824, 0.001931, -0.007098], [-0.078868, 0.278198, 0.107826, -0.086785, 0.001922, 0.001916, -0.159019, 0.02565], [0.278222, -0.427048, 0.278188, -0.084981, -0.00711, -0.007095, 0.025637, -0.012325], [0.004839, -0.00711, 0.001922, 0.008076, 0.107846, -0.086784, -0.078858, 0.278184], [-0.007099, -0.012326, 0.025653, -0.007102, 0.278193, -0.084961, 0.278225, -0.427062], [0.001914, 0.025644, -0.159023, 0.001927, -0.078882, -0.086756, 0.107766, 0.278224], [0.008074, -0.007099, 0.001924, 0.004831, -0.086776, 0.108646, -0.086767, -0.084965]], [[-4.3e-05, -2.6e-05, 4.1e-05, 2.6e-05, 1.9e-05, -2.9e-05, 1.3e-05, 1.8e-05], [-2e-06, -7e-06, 9e-06, -3e-06, -2.7e-05, 1.2e-05, 1.9e-05, 1.5e-05], [-2.3e-05, 2.5e-05, -3e-06, 1e-06, 2.1e-05, 8e-06, -3.4e-05, -2.7e-05], [-2.3e-05, -4e-06, -7.8e-05, 2.5e-05, 5e-06, 2.3e-05, -2.4e-05, -5.8e-05], [1.9e-05, 2.1e-05, -3.8e-05, -1.1e-05, -5.5e-05, -2e-06, 8e-06, -2e-05], [1.7e-05, 1.7e-05, -8e-06, -2.6e-05, -4e-05, -1e-05, 3.7e-05, 0.0], [-3.3e-05, 1e-06, -4e-06, 2.8e-05, 3e-05, 2.2e-05, 3e-06, -8.6e-05], [-1.2e-05, -2.4e-05, 4.4e-05, 1.1e-05, 3.5e-05, -5e-06, -2.4e-05, 2.8e-05]]], "(-1, 0, 1)": [[[0.107796, -0.078862, 0.278217, -0.086778, 0.004826, 0.001919, 0.008073, -0.007087], [-0.078889, 0.107829, 0.278193, -0.086766, 0.001924, -0.159024, 0.001916, 0.025647], [-0.08676, -0.086781, -0.084982, 0.10866, 0.008083, 0.001922, 0.004839, -0.007116], [0.278211, 0.278199, -0.427044, -0.084992, -0.007102, 0.025645, -0.007101, -0.01233], [0.004827, 0.001925, -0.007107, 0.008082, 0.10781, -0.078894, -0.086764, 0.278196], [0.001923, -0.159029, 0.025629, 0.001928, -0.078863, 0.107798, -0.08677, 0.278215], [-0.007094, 0.025639, -0.012318, -0.0071, 0.278197, 0.278212, -0.084954, -0.427068], [0.00808, 0.001915, -0.007103, 0.004828, -0.086776, -0.086756, 0.108637, -0.084947]], [[-9e-06, -9.4e-05, -6.1e-05, 7.4e-05, 2.5e-05, 2.3e-05, -2.5e-05, 2.3e-05], [-6.5e-05, -5.9e-05, -4.8e-05, 6.1e-05, 2.6e-05, 6e-06, -5e-06, -3.8e-05], [2.5e-05, 4e-05, 7.3e-05, -6.2e-05, -1.8e-05, -2.7e-05, 1.3e-05, -1e-06], [-6e-05, -6.1e-05, -0.000114, 8e-05, 1.2e-05, -1.5e-05, 2.9e-05, -8.1e-05], [-1.7e-05, 1.7e-05, -7e-06, 1.1e-05, -5.6e-05, -6.2e-05, 5.1e-05, -7.9e-05], [8e-06, 3e-06, 2.3e-05, -2e-05, -8.5e-05, -1.5e-05, 6e-06, -2.7e-05], [1.5e-05, 1e-06, 1e-05, -2.2e-05, -8.2e-05, -2.5e-05, 7.1e-05, -9.7e-05], [-0.0, -8e-06, 1.2e-05, -1e-06, 0.000104, 3.3e-05, -6.7e-05, 7.2e-05]]], "(-1, 0, 2)": [[[0.013535, -0.017138, 0.004351, -0.017133, -0.012707, 0.009629, 0.011411, 0.009625], [0.056246, -0.006066, 0.022196, -0.010444, 0.009627, -0.015322, 0.014532, -0.019315], [-0.050852, 0.014862, -0.01644, 0.014861, 0.011413, 0.014531, -0.033738, 0.014535], [0.056248, -0.010441, 0.022196, -0.006067, 0.009628, -0.019316, 0.014535, -0.015327], [0.019081, -0.022229, 0.009494, -0.022229, 0.013541, 0.056244, -0.05085, 0.056247], [-0.022226, 0.01908, 0.009497, -0.022234, -0.017137, -0.006063, 0.014856, -0.010438], [0.00949, 0.009496, -0.042256, 0.009494, 0.004348, 0.022194, -0.016436, 0.022196], [-0.02223, -0.022233, 0.009497, 0.019084, -0.017136, -0.010441, 0.014859, -0.00607]], [[-2.5e-05, 5e-06, 3.5e-05, -2.7e-05, 1e-06, 2e-05, -1.6e-05, -1.4e-05], [-3e-05, -9e-06, -1.6e-05, 3.6e-05, 2e-05, -1.1e-05, 8e-06, -2.4e-05], [1.9e-05, -4e-06, -1.1e-05, -9e-06, -1.3e-05, 6e-06, 1.1e-05, 1.4e-05], [8e-06, 6e-06, -7e-06, -4e-06, -1.4e-05, -2.5e-05, 1.9e-05, 7e-06], [4e-05, -1.6e-05, -1.2e-05, 1e-06, -3.6e-05, -3e-05, 2.3e-05, 6e-06], [-1.8e-05, -1e-06, 0.0, 1.5e-05, 1.1e-05, 1e-06, -1.3e-05, 1e-05], [-5e-06, -4e-06, -2e-06, 8e-06, 1.5e-05, -2.3e-05, 4e-06, -1.1e-05], [-2e-06, 1.6e-05, 1.4e-05, -3.3e-05, -1.7e-05, 3.5e-05, -1.7e-05, 2e-06]]], "(-1, 1, -2)": [[[-0.018051, 0.002387, 0.002387, 0.001867, 0.001098, -9.4e-05, -9.2e-05, 0.005517], [0.007719, -0.004596, -0.008784, 0.002387, -9.3e-05, 0.001096, -9.1e-05, 0.005516], [0.007717, -0.008786, -0.004594, 0.002386, -9.3e-05, -9.2e-05, 0.001097, 0.005519], [0.006237, 0.007718, 0.007718, -0.018052, 0.005517, 0.005518, 0.005516, -0.016626], [0.014538, -0.016469, -0.016467, 0.008224, -0.018053, 0.007721, 0.007719, 0.006235], [-0.01647, 0.001382, 0.003622, 0.011498, 0.002389, -0.004598, -0.008786, 0.007718], [-0.01647, 0.003623, 0.001383, 0.011491, 0.002386, -0.008786, -0.004593, 0.00772], [0.008232, 0.011495, 0.011491, -0.012547, 0.001865, 0.002388, 0.002386, -0.018052]], [[1.5e-05, -1.7e-05, -7e-06, 8e-06, -1e-06, -1.2e-05, 6e-06, 8e-06], [3e-06, 0.0, 9e-06, -1.4e-05, -1.2e-05, 3e-06, 2e-06, 7e-06], [0.0, 1.1e-05, -1e-06, -5e-06, 5e-06, 1e-06, 2e-06, -8e-06], [-2.7e-05, 4e-06, 6e-06, 1.1e-05, 9e-06, 7e-06, -1e-05, -1.4e-05], [-3.3e-05, 1.4e-05, 8e-06, 1.7e-05, 1.7e-05, 2e-06, -3e-06, -2.6e-05], [1.7e-05, 4e-06, 7e-06, -2.6e-05, -1.9e-05, -0.0, 1.1e-05, 7e-06], [-3e-06, 1.1e-05, -9e-06, -2e-06, -5e-06, 1e-05, -3e-06, 1e-06], [2.1e-05, -2.5e-05, -9e-06, 2.2e-05, 6e-06, -1.2e-05, -3e-06, 1.3e-05]]], "(-1, 1, -1)": [[[0.01141, -0.017871, -0.007208, -0.007207, -0.033738, 0.011412, 0.014531, 0.014534], [-0.017872, 0.011405, -0.007207, -0.007206, 0.011414, -0.012709, 0.00963, 0.009628], [0.021781, 0.021782, 0.011415, -0.017873, 0.014532, 0.009626, -0.015324, -0.019313], [0.021783, 0.021781, -0.017872, 0.011413, 0.014532, 0.009627, -0.019314, -0.015325], [-0.159024, 0.025635, 0.001928, 0.001923, 0.011413, -0.017873, 0.021784, 0.021789], [0.025633, -0.012319, -0.0071, -0.007102, -0.017867, 0.011411, 0.02178, 0.02178], [0.001923, -0.007094, 0.004824, 0.008075, -0.007208, -0.007206, 0.011408, -0.017875], [0.001919, -0.007102, 0.00808, 0.004833, -0.00721, -0.007208, -0.017872, 0.011411]], [[-0.0, -3e-06, 1.7e-05, -7e-06, 1e-06, 6e-06, -3e-06, -1e-06], [-1.8e-05, -7e-06, -4e-06, 1.6e-05, 6e-06, -8e-06, 2e-06, 2e-06], [-4e-06, -1.3e-05, -4e-06, -2e-06, -3e-06, 1e-06, 2e-06, 4e-06], [4.6e-05, 3.1e-05, -1.2e-05, -2.8e-05, 2e-06, 1e-06, -1e-06, 2e-06], [0.000105, -5e-06, 0.0, -4e-05, -4e-06, -1e-05, -1.4e-05, 5.4e-05], [-1e-05, -1.5e-05, -1.2e-05, 1e-05, -7e-06, -2e-06, -3e-06, 2.4e-05], [-9e-06, 6e-06, -2.1e-05, 6.2e-05, 2.5e-05, -7e-06, -1.2e-05, -2.3e-05], [-2.5e-05, 1e-06, 4.6e-05, -4.7e-05, -1e-05, 1.4e-05, 5e-06, -2.3e-05]]], "(-1, 1, 0)": [[[-0.084943, -0.086764, -0.086774, 0.108632, -0.023603, -0.011067, -0.01107, 0.12322], [0.278205, 0.107803, -0.078873, -0.086771, -0.011071, 0.09287, 0.018374, -0.087573], [0.278192, -0.078891, 0.107825, -0.086762, -0.011071, 0.018375, 0.092873, -0.087569], [-0.427074, 0.278208, 0.278202, -0.084939, 0.123218, -0.087574, -0.087569, -0.203958], [-0.463046, -1.568476, -1.568475, 0.762802, -0.08499, 0.278211, 0.278201, -0.42704], [-1.568364, -0.463105, -1.56848, 0.76278, -0.086766, 0.107793, -0.078875, 0.278211], [-1.568323, -1.568416, -0.46308, 0.762745, -0.086778, -0.078864, 0.107819, 0.278212], [0.762719, 0.762795, 0.762799, -0.646239, 0.108664, -0.086772, -0.08677, -0.084994]], [[-5.2e-05, -3.2e-05, -8e-05, 4.1e-05, -1.4e-05, 2.1e-05, -1e-05, -5e-06], [2.2e-05, 5e-05, 6.2e-05, -3.7e-05, 1.6e-05, -6e-06, -1.7e-05, -7e-06], [8.6e-05, 7.1e-05, 7.5e-05, -8.3e-05, -5e-06, -2.2e-05, -4e-06, 8e-06], [0.000136, 1.3e-05, 8.9e-05, -5.7e-05, -6e-06, -1.9e-05, 2.4e-05, 2.6e-05], [7.4e-05, 0.000126, 0.000148, -1.6e-05, -4.7e-05, 2.4e-05, 4.7e-05, 0.000135], [-6.7e-05, -0.000133, -0.0001, 4.4e-05, -3.3e-05, 8e-05, 5.5e-05, 1.7e-05], [7.6e-05, 6.2e-05, 8e-05, -0.000143, -6.2e-05, 5e-05, 4.1e-05, 6.6e-05], [5.9e-05, -6.1e-05, -0.000133, 3.3e-05, 2.6e-05, -3.1e-05, -5.1e-05, -4.7e-05]]], "(-1, 1, 1)": [[[0.01141, -0.007206, -0.017874, -0.007207, -0.033739, 0.014533, 0.011412, 0.014533], [0.021778, 0.01141, 0.021788, -0.017871, 0.014533, -0.015327, 0.009629, -0.019317], [-0.017872, -0.007208, 0.01141, -0.007208, 0.011413, 0.009628, -0.012708, 0.00963], [0.021783, -0.017874, 0.021789, 0.011411, 0.014533, -0.019316, 0.009627, -0.015325], [-0.159016, 0.001914, 0.025654, 0.001926, 0.011411, 0.021782, -0.017874, 0.021787], [0.001918, 0.004836, -0.007099, 0.008074, -0.007207, 0.011411, -0.007208, -0.017874], [0.025642, -0.007103, -0.012327, -0.007101, -0.017871, 0.021784, 0.011411, 0.021785], [0.001918, 0.008081, -0.007109, 0.004834, -0.007207, -0.017874, -0.007207, 0.01141]], [[-2.3e-05, 1.9e-05, 4e-06, -8e-06, -1.4e-05, -1e-06, 5e-06, -0.0], [2.4e-05, -1e-05, -9e-06, -6e-06, -1e-06, -8e-06, 6e-06, 4e-06], [-3e-06, -4e-06, -3e-06, 1.3e-05, 4e-06, 5e-06, -5e-06, -6e-06], [4.1e-05, -2.1e-05, -1.4e-05, 3e-06, -2e-06, 6e-06, -5e-06, 3.7e-05], [6.4e-05, -0.0, -1.4e-05, -1.2e-05, -2.1e-05, 2.8e-05, -2.1e-05, 4.1e-05], [-1.3e-05, -8e-06, -1e-06, 2.4e-05, 1.4e-05, -6e-06, 2e-06, -1.8e-05], [-3e-06, 1e-05, 6.2e-05, -1e-06, 1.2e-05, -1.6e-05, -1.3e-05, -2.2e-05], [-1.6e-05, 2.1e-05, -1.9e-05, -2.4e-05, -1.5e-05, -0.0, 1.9e-05, 1.5e-05]]], "(-1, 1, 2)": [[[-0.018051, 0.002387, 0.002387, 0.001867, 0.001098, -9.4e-05, -9.2e-05, 0.005517], [0.007719, -0.004596, -0.008784, 0.002387, -9.3e-05, 0.001096, -9.1e-05, 0.005516], [0.007717, -0.008786, -0.004594, 0.002386, -9.3e-05, -9.2e-05, 0.001097, 0.005519], [0.006237, 0.007718, 0.007718, -0.018052, 0.005517, 0.005518, 0.005516, -0.016626], [0.014538, -0.016469, -0.016467, 0.008224, -0.018053, 0.007721, 0.007719, 0.006235], [-0.01647, 0.001382, 0.003622, 0.011498, 0.002389, -0.004598, -0.008786, 0.007718], [-0.01647, 0.003623, 0.001383, 0.011491, 0.002386, -0.008786, -0.004593, 0.00772], [0.008232, 0.011495, 0.011491, -0.012547, 0.001865, 0.002388, 0.002386, -0.018052]], [[1.5e-05, -1.7e-05, -7e-06, 8e-06, -1e-06, -1.2e-05, 6e-06, 8e-06], [3e-06, 0.0, 9e-06, -1.4e-05, -1.2e-05, 3e-06, 2e-06, 7e-06], [0.0, 1.1e-05, -1e-06, -5e-06, 5e-06, 1e-06, 2e-06, -8e-06], [-2.7e-05, 4e-06, 6e-06, 1.1e-05, 9e-06, 7e-06, -1e-05, -1.4e-05], [-3.3e-05, 1.4e-05, 8e-06, 1.7e-05, 1.7e-05, 2e-06, -3e-06, -2.6e-05], [1.7e-05, 4e-06, 7e-06, -2.6e-05, -1.9e-05, -0.0, 1.1e-05, 7e-06], [-3e-06, 1.1e-05, -9e-06, -2e-06, -5e-06, 1e-05, -3e-06, 1e-06], [2.1e-05, -2.5e-05, -9e-06, 2.2e-05, 6e-06, -1.2e-05, -3e-06, 1.3e-05]]], "(-1, 2, -2)": [[[-0.004594, 0.007717, -0.008786, 0.002387, -0.015327, 0.00963, 0.014534, -0.019317], [0.002387, -0.018052, 0.002388, 0.001864, 0.009626, -0.012708, 0.011414, 0.009628], [-0.008787, 0.007719, -0.004596, 0.002389, 0.014535, 0.011413, -0.033741, 0.014532], [0.007719, 0.006237, 0.007718, -0.018053, -0.019316, 0.009629, 0.014532, -0.01532], [-0.015327, -0.019315, 0.014536, 0.009624, -0.004594, 0.002387, -0.008785, 0.007719], [-0.019315, -0.015322, 0.014534, 0.009626, 0.007718, -0.018052, 0.007718, 0.006237], [0.014534, 0.014531, 