[{"type": "wannier"}, {"matrices": {"(-3, 1, 1)": [[[0.016239, -0.00301675, -0.0030155, -0.0030155, -0.01056425, 0.00237225, 0.002374, 0.0023735], [-0.0030155, 0.01623875, -0.003016, -0.00301625, 0.0023735, 0.00477025, -0.0055565, -0.00555775], [-0.0030175, -0.0030155, 0.01623925, -0.0030155, 0.0023755, -0.0055575, 0.004769, -0.0055575], [-0.00301575, -0.00301625, -0.00301625, 0.0162385, 0.00237375, -0.00555675, -0.0055585, 0.00477075], [0.008246, 0.0022645, 0.00226525, 0.0022645, 0.016239, -0.00301475, -0.00301675, -0.003016], [0.00226475, -0.00638575, -0.00396775, -0.0039695, -0.00301675, 0.016238, -0.0030145, -0.0030165], [0.00226725, -0.00396925, -0.0063855, -0.00396775, -0.0030155, -0.0030175, 0.016239, -0.00301575], [0.0022645, -0.003968, -0.0039695, -0.00638525, -0.0030165, -0.0030155, -0.00301625, 0.016239]], [[4.75e-06, 2.5e-06, -6e-06, -3.25e-06, -1.3e-05, 7.5e-07, 5.75e-06, 2.5e-06], [3.25e-06, -2.5e-07, -1e-06, -3.25e-06, 1e-06, 2.5e-07, -2.5e-06, 3.25e-06], [-6e-06, 2.5e-07, 5e-07, 5.75e-06, 4.25e-06, -1.25e-06, 1.5e-06, -2.75e-06], [-1.5e-06, -2.5e-07, 5.75e-06, -1.75e-06, 3.5e-06, 2.75e-06, -4e-06, -7.5e-07], [-3e-06, -0.0, 4.25e-06, -7.5e-07, 4.75e-06, 4e-06, -8.25e-06, 2.5e-07], [7.5e-07, -2.25e-06, 1.5e-06, -1.25e-06, 3e-06, -5e-07, 7.5e-07, -1.25e-06], [2.5e-06, 1.75e-06, -3.5e-06, -3.25e-06, -7.5e-06, -7.5e-07, 1e-06, 5.5e-06], [5e-07, -1.75e-06, -3.25e-06, 4.25e-06, -2.5e-06, -4.25e-06, 7e-06, -2e-06]]], "(-2, -2, 2)": [[[0.0007471666666666667, -0.0006198333333333333, -0.0006196666666666667, -0.0006198333333333333, -0.0027709999999999996, 0.0009195000000000001, 0.0009193333333333333, 0.0009198333333333333], [-0.0006198333333333333, 0.0007469999999999999, -0.0006194999999999999, -0.0006194999999999999, 0.0009198333333333333, 0.00018266666666666667, -1.5333333333333334e-05, -1.55e-05], [-0.0006196666666666667, -0.0006194999999999999, 0.0007469999999999999, -0.0006196666666666667, 0.0009191666666666667, -1.5333333333333334e-05, 0.00018283333333333335, -1.5333333333333334e-05], [-0.0006198333333333333, -0.0006194999999999999, -0.0006196666666666667, 0.0007471666666666667, 0.0009198333333333333, -1.55e-05, -1.55e-05, 0.00018266666666666667], [-0.0027709999999999996, 0.0009198333333333333, 0.0009191666666666667, 0.0009198333333333333, 0.0007473333333333334, -0.0006194999999999999, -0.0006198333333333333, -0.0006196666666666667], [0.0009195000000000001, 0.00018266666666666667, -1.5333333333333334e-05, -1.55e-05, -0.0006194999999999999, 0.0007469999999999999, -0.0006194999999999999, -0.0006198333333333333], [0.0009193333333333333, -1.5333333333333334e-05, 0.00018283333333333335, -1.55e-05, -0.0006198333333333333, -0.0006194999999999999, 0.0007468333333333333, -0.0006194999999999999], [0.0009198333333333333, -1.55e-05, -1.5333333333333334e-05, 0.00018266666666666667, -0.0006196666666666667, -0.0006198333333333333, -0.0006194999999999999, 0.0007471666666666667]], [[0.0, -6.666666666666666e-07, 1.6666666666666665e-07, 1.1666666666666666e-06, 1.5e-06, -1.3333333333333332e-06, 1e-06, -1.1666666666666666e-06], [6.666666666666666e-07, 0.0, -1.6666666666666665e-07, -6.666666666666666e-07, -1.3333333333333332e-06, -5e-07, -3.333333333333333e-07, 1.6666666666666669e-06], [-1.6666666666666665e-07, 1.6666666666666665e-07, 0.0, 0.0, 1.3333333333333332e-06, -3.333333333333333e-07, -1.6666666666666665e-07, -8.333333333333334e-07], [-1.1666666666666666e-06, 6.666666666666666e-07, -0.0, -0.0, -1.3333333333333332e-06, 1.6666666666666669e-06, -6.666666666666666e-07, -0.0], [-1.5e-06, 1.3333333333333332e-06, -1.3333333333333332e-06, 1.3333333333333332e-06, -0.0, 5e-07, 0.0, -1.3333333333333332e-06], [1.3333333333333332e-06, 5e-07, 3.333333333333333e-07, -1.6666666666666669e-06, -5e-07, -0.0, -0.0, 8.333333333333334e-07], [-1e-06, 3.333333333333333e-07, 1.6666666666666665e-07, 6.666666666666666e-07, -0.0, 0.0, -0.0, 0.0], [1.1666666666666666e-06, -1.6666666666666669e-06, 8.333333333333334e-07, 0.0, 1.3333333333333332e-06, -8.333333333333334e-07, -0.0, 0.0]]], "(-2, -1, 1)": [[[-0.009026, 0.003859, 0.0031185, 0.003859, 0.007266, -0.008237, 0.004118, -0.008234], [0.001194, -0.002297, 0.0038585, -0.004393, -0.008234, 0.0006935, 0.005746, 0.0018115], [0.000933, 0.001193, -0.0090265, 0.001194, 0.004113, 0.0057465, -0.0062735, 0.0057465], [0.0011935, -0.004393, 0.003859, -0.0022975, -0.0082325, 0.0018125, 0.005746, 0.0006915], [0.0005485, -4.65e-05, 0.0027585, -4.65e-05, -0.0090275, 0.001194, 0.000934, 0.001193], [-4.6e-05, 0.000549, 0.0027585, -4.65e-05, 0.0038595, -0.0022975, 0.001194, -0.004393], [0.002758, 0.002758, -0.0083115, 0.002759, 0.0031185, 0.003857, -0.009026, 0.003859], [-4.65e-05, -4.6e-05, 0.002758, 0.000549, 0.00386, -0.0043925, 0.0011925, -0.0022975]], [[2.5e-06, -2.5e-06, 5.5e-06, 4e-06, 1.05e-05, -4.5e-06, -2e-06, -1e-06], [-1.5e-06, -5e-07, -1e-06, 5.5e-06, -2e-06, 0.0, -6e-06, 3e-06], [5.5e-06, -3e-06, -1e-06, -4.5e-06, -5e-06, -4e-06, -1.5e-06, 1.2e-05], [-2e-06, 4.5e-06, 3e-06, -6e-06, 3.5e-06, 2e-06, 9e-06, -1.55e-05], [1.5e-06, 5e-07, -1e-06, -1e-06, 4.5e-06, -1.5e-06, 3e-06, -1e-06], [5e-07, -5e-07, -5e-07, 1e-06, -4e-06, -1e-06, -5e-07, 4e-06], [-1.5e-06, -5e-07, 1.5e-06, 2e-06, 6e-06, -1e-06, -5e-07, 1.5e-06], [-5e-07, 1.5e-06, 1.5e-06, -1.5e-06, 2e-06, 5.5e-06, -3e-06, -6.5e-06]]], "(-2, -1, 2)": [[[-0.009027, 0.0031195, 0.0038585, 0.003859, 0.0072695, 0.0041145, -0.008235, -0.0082335], [0.0009345, -0.0090255, 0.001193, 0.0011925, 0.004112, -0.0062715, 0.005747, 0.0057465], [0.001193, 0.003859, -0.0022965, -0.004392, -0.0082335, 0.0057455, 0.0006905, 0.001812], [0.0011945, 0.003858, -0.004393, -0.002298, -0.008234, 0.005746, 0.001812, 0.0006915], [0.0005495, 0.0027575, -4.6e-05, -4.65e-05, -0.0090265, 0.0009325, 0.001194, 0.001195], [0.0027585, -0.0083115, 0.0027585, 0.002758, 0.0031185, -0.0090265, 0.0038595, 0.003859], [-4.65e-05, 0.0027595, 0.0005485, -4.55e-05, 0.0038585, 0.001194, -0.002298, -0.0043935], [-4.65e-05, 0.002758, -4.6e-05, 0.0005485, 0.0038605, 0.0011935, -0.004392, -0.002298]], [[2e-06, 2.5e-06, 2e-06, -7e-06, -9e-06, -0.0, -3.5e-06, 8e-06], [-4e-06, 5e-07, 1e-06, 1e-06, 5e-07, 0.0, 6e-06, -9e-06], [2e-06, 1e-06, -5e-07, 5e-07, -8.5e-06, 1e-05, -1e-05, 5e-07], [3e-06, -3.5e-06, -1.5e-06, 2e-06, 1e-05, -1.1e-05, -1.5e-06, 9.5e-06], [2.5e-06, -5e-06, 2.5e-06, 5e-07, 5e-07, -4e-06, 0.0, 4.5e-06], [-5e-06, 0.0, -0.0, 4.5e-06, 2.5e-06, 5e-07, 3e-06, -5e-06], [2.5e-06, 5e-07, -1e-06, -2.5e-06, 4e-06, 5e-07, -0.0, -2e-06], [5e-07, 3.5e-06, -2.5e-06, -3.5e-06, -7.5e-06, -5e-07, 2e-06, 2.5e-06]]], "(-2, 0, 0)": [[[-0.0069305, 0.0021665, -0.0344565, 0.0021675, -0.006273, 0.005746, 0.004116, 0.0057465], [0.0021665, -0.002564, 0.0021695, 0.014516, 0.005747, 0.0006915, -0.0082365, 0.0018115], [-0.0344565, 0.0021695, -0.0069375, 0.00217, 0.004111, -0.008233, 0.00727, -0.0082325], [0.0021675, 0.014516, 0.00217, -0.002566, 0.0057475, 0.001811, -0.008234, 0.00069], [-0.006273, 0.005747, 0.004111, 0.0057475, -0.0069345, 0.0021675, -0.0344565, 0.0021715], [0.005746, 0.0006915, -0.008233, 0.001811, 0.0021675, -0.002565, 0.002168, 0.0145165], [0.004116, -0.0082365, 0.00727, -0.008234, -0.0344565, 0.002168, -0.0069325, 0.0021655], [0.0057465, 0.0018115, -0.0082325, 0.00069, 0.0021715, 0.0145165, 0.0021655, -0.0025665]], [[0.0, 2.5e-06, 3.5e-06, -1e-05, -5.5e-06, 6e-06, -7.5e-06, 4e-06], [-2.5e-06, 0.0, -3e-06, 7e-06, 6.5e-06, -0.0, 0.0, -6.5e-06], [-3.5e-06, 3e-06, 0.0, -7e-06, -3.5e-06, -1e-06, -3e-06, 8e-06], [1e-05, -7e-06, 7e-06, 0.0, 4e-06, -6e-06, 1.1e-05, 5e-07], [5.5e-06, -6.5e-06, 3.5e-06, -4e-06, 0.0, -0.0, 5e-07, 1e-05], [-6e-06, 0.0, 1e-06, 6e-06, 0.0, 0.0, 2e-06, -6.5e-06], [7.5e-06, -0.0, 3e-06, -1.1e-05, -5e-07, -2e-06, 0.0, 1e-05], [-4e-06, 6.5e-06, -8e-06, -5e-07, -1e-05, 6.5e-06, -1e-05, 0.0]]], "(-2, 0, 1)": [[[0.013526, 0.056252, 0.056248, -0.05085, 0.019082, -0.022227, -0.022232, 0.009491], [-0.017138, -0.006067, -0.01044, 0.01486, -0.022229, 0.019079, -0.02223, 0.009494], [-0.017131, -0.010444, -0.006071, 0.014862, -0.022234, -0.022227, 0.019082, 0.009498], [0.004347, 0.022198, 0.022193, -0.016435, 0.009498, 0.009491, 0.009493, -0.042253], [-0.01271, 0.009626, 0.009628, 0.011416, 0.013535, -0.017139, -0.017134, 0.004349], [0.009629, -0.015327, -0.019315, 0.014531, 0.056243, -0.006071, -0.010432, 0.022195], [0.00963, -0.019314, -0.015322, 0.01453, 0.056246, -0.010444, -0.006067, 0.0222], [0.011412, 0.014534, 0.014534, -0.033739, -0.050845, 0.014867, 0.014855, -0.016442]], [[-4e-06, -3e-06, -1.9e-05, 1.2e-05, -7e-06, -7e-06, 9e-06, -4e-06], [7e-06, -3e-06, 2e-06, -8e-06, -1.1e-05, 1e-06, 1.2e-05, 1e-06], [-4e-05, 1.7e-05, 1e-06, 2e-05, 1.5e-05, 6e-06, -7e-06, -2.3e-05], [3.2e-05, -1.3e-05, 1.1e-05, -2e-05, -1.1e-05, 3e-06, -1.5e-05, 4.1e-05], [-2e-06, 8e-06, 3e-06, 2e-06, -1.2e-05, 8e-06, -2.8e-05, 1.8e-05], [2e-06, -4e-06, -7e-06, 3e-06, 1e-06, 2e-06, 1.6e-05, -2.5e-05], [1e-05, -1.7e-05, -2.3e-05, -1e-06, -2.2e-05, 6e-06, 3e-06, 1.8e-05], [-0.0, 6e-06, 2e-06, 6e-06, 1.5e-05, -1.1e-05, 1e-05, -1e-05]]], "(-2, 0, 2)": [[[-0.006932, -0.0344575, 0.0021685, 0.0021665, -0.0062755, 0.0041165, 0.005748, 0.0057465], [-0.0344575, -0.0069315, 0.002167, 0.0021715, 0.0041165, 0.007267, -0.0082355, -0.0082335], [0.0021685, 0.002167, -0.0025645, 0.014516, 0.005746, -0.008235, 0.0006925, 0.0018115], [0.0021665, 0.0021715, 0.014516, -0.002564, 0.005746, -0.0082365, 0.001812, 0.0006915], [-0.0062755, 0.0041165, 0.005746, 0.005746, -0.0069335, -0.034457, 0.0021695, 0.0021665], [0.0041165, 0.007267, -0.008235, -0.0082365, -0.034457, -0.0069295, 0.002167, 0.0021685], [0.005748, -0.0082355, 0.0006925, 0.001812, 0.0021695, 0.002167, -0.0025645, 0.014516], [0.0057465, -0.0082335, 0.0018115, 0.0006915, 0.0021665, 0.0021685, 0.014516, -0.0025665]], [[0.0, -6e-06, -6e-06, 8e-06, 3.5e-06, -3e-06, 8e-06, -1e-06], [6e-06, -0.0, 5e-07, -1.5e-06, -4.5e-06, -0.0, -9.5e-06, 1.45e-05], [6e-06, -5e-07, -0.0, 1.35e-05, 7.5e-06, -1.2e-05, -8e-06, 1.5e-06], [-8e-06, 1.5e-06, -1.35e-05, -0.0, -1e-06, 1.55e-05, 1.5e-06, -5e-06], [-3.5e-06, 4.5e-06, -7.5e-06, 1e-06, -0.0, 4e-06, 1.1e-05, -1.35e-05], [3e-06, 0.0, 1.2e-05, -1.55e-05, -4e-06, 0.0, -5e-06, 3.5e-06], [-8e-06, 9.5e-06, 8e-06, -1.5e-06, -1.1e-05, 5e-06, -0.0, -1.15e-05], [1e-06, -1.45e-05, -1.5e-06, 5e-06, 1.35e-05, -3.5e-06, 1.15e-05, 0.0]]], "(-2, 1, -1)": [[[-0.009026, 0.001194, 0.000933, 0.0011935, 0.0005485, -4.6e-05, 0.002758, -4.65e-05], [0.003859, -0.002297, 0.001193, -0.004393, -4.65e-05, 0.000549, 0.002758, -4.6e-05], [0.0031185, 0.0038585, -0.0090265, 0.003859, 0.0027585, 0.0027585, -0.0083115, 0.002758], [0.003859, -0.004393, 0.001194, -0.0022975, -4.65e-05, -4.65e-05, 0.002759, 0.000549], [0.007266, -0.008234, 0.004113, -0.0082325, -0.0090275, 0.0038595, 0.0031185, 0.00386], [-0.008237, 0.0006935, 0.0057465, 0.0018125, 0.001194, -0.0022975, 0.003857, -0.0043925], [0.004118, 0.005746, -0.0062735, 0.005746, 0.000934, 0.001194, -0.009026, 0.0011925], [-0.008234, 0.0018115, 0.0057465, 0.0006915, 0.001193, -0.004393, 0.003859, -0.0022975]], [[-2.5e-06, 1.5e-06, -5.5e-06, 2e-06, -1.5e-06, -5e-07, 1.5e-06, 5e-07], [2.5e-06, 5e-07, 3e-06, -4.5e-06, -5e-07, 5e-07, 5e-07, -1.5e-06], [-5.5e-06, 1e-06, 1e-06, -3e-06, 1e-06, 5e-07, -1.5e-06, -1.5e-06], [-4e-06, -5.5e-06, 4.5e-06, 6e-06, 1e-06, -1e-06, -2e-06, 1.5e-06], [-1.05e-05, 2e-06, 5e-06, -3.5e-06, -4.5e-06, 4e-06, -6e-06, -2e-06], [4.5e-06, -0.0, 4e-06, -2e-06, 1.5e-06, 1e-06, 1e-06, -5.5e-06], [2e-06, 6e-06, 1.5e-06, -9e-06, -3e-06, 5e-07, 5e-07, 3e-06], [1e-06, -3e-06, -1.2e-05, 1.55e-05, 1e-06, -4e-06, -1.5e-06, 6.5e-06]]], "(-2, 1, 0)": [[[-0.006069, -0.010434, -0.017138, 0.014858, 0.001383, 0.011493, -0.01647, 0.003624], [-0.010443, -0.006074, -0.017133, 0.014865, 0.011493, -0.012548, 0.008232, 0.011492], [0.056243, 0.05625, 0.013538, -0.050848, -0.016467, 0.008231, 0.01453, -0.016473], [0.022204, 0.022192, 0.004347, -0.016442, 0.003623, 0.011492, -0.016467, 0.001386], [0.092868, -0.08758, 0.018366, -0.011061, -0.006069, -0.010434, 0.056244, 0.02219], [-0.087563, -0.20396, -0.087578, 0.12322, -0.010451, -0.006065, 0.056253, 0.0222], [0.018388, -0.087557, 0.092871, -0.011083, -0.017138, -0.01713, 0.013529, 0.004347], [-0.011077, 0.123218, -0.011062, -0.023603, 0.014867, 0.014851, -0.050849, -0.016435]], [[7e-06, -1.6e-05, 1e-05, 1.1e-05, 1.9e-05, -6e-06, 2e-05, -1e-06], [2e-06, 1e-06, 0.0, -5e-06, -6e-06, -1e-06, 3e-06, 1.2e-05], [-5e-06, 1.3e-05, -4e-06, 7e-06, 1.5e-05, 1e-06, -0.0, -1.3e-05], [-2.7e-05, 2e-05, -9e-06, -1e-06, 3e-06, 9e-06, -1.7e-05, -2.5e-05], [8e-06, 2.2e-05, -1.3e-05, -3e-06, 4e-06, 2e-06, -1.3e-05, -1.9e-05], [1.9e-05, 9e-06, 6e-06, -2.1e-05, -1.1e-05, 3e-06, 1.4e-05, 1.4e-05], [-2.3e-05, 1e-06, -5.6e-05, 4.2e-05, 7e-06, 4e-06, -8e-06, -1.3e-05], [6e-06, -2e-05, 3.7e-05, -0.0, 1.4e-05, -9e-06, 1.3e-05, -2e-06]]], "(-2, 1, 1)": [[[-0.006062, -0.01713, -0.010432, 0.01485, 0.001381, -0.01647, 0.011494, 0.003624], [0.056248, 0.013533, 0.05625, -0.050849, -0.01647, 0.014538, 0.008226, -0.01647], [-0.010451, -0.017139, -0.006074, 0.014871, 0.011494, 0.008228, -0.012545, 0.011491], [0.022201, 0.004347, 0.02219, -0.016437, 0.003623, -0.016464, 0.011495, 0.00138], [0.092875, 0.018371, -0.087565, -0.011076, -0.006072, 0.056249, -0.010438, 0.022191], [0.018377, 0.092869, -0.087567, -0.011076, -0.017133, 0.013534, -0.017138, 0.004347], [-0.087564, -0.087578, -0.203957, 0.123218, -0.010444, 0.056248, -0.006064, 0.022199], [-0.011072, -0.01106, 0.123217, -0.023603, 0.014865, -0.050852, 0.014855, -0.016435]], [[-1.1e-05, -1e-06, -1.7e-05, 1.9e-05, 3.5e-05, 1.1e-05, -1.4e-05, -5e-06], [-2.2e-05, -6e-06, -2e-06, 2e-05, 8e-06, 5e-06, -3e-06, -9e-06], [4.2e-05, -1e-05, 1.4e-05, -2.4e-05, -1.5e-05, -3e-06, -4e-06, 1.9e-05], [-4.6e-05, 1e-06, 1.7e-05, 9e-06, -1e-06, -1.8e-05, 2.1e-05, -3.4e-05], [1.8e-05, 1.7e-05, 2e-06, -1e-06, -1.5e-05, -2e-05, 3e-05, -2.7e-05], [1.4e-05, 1.8e-05, -9e-06, -5e-06, -7e-06, 5e-06, -1e-05, 1.4e-05], [-1.9e-05, 1.7e-05, 3.1e-05, -2e-05, -1.5e-05, -2e-06, 7e-06, 1.3e-05], [1e-05, -1.7e-05, -1.8e-05, 2e-06, 2.2e-05, 1.7e-05, -1.5e-05, -3e-06]]], "(-2, 1, 2)": [[[-0.009027, 0.0009345, 0.001193, 0.0011945, 0.0005495, 0.0027585, -4.65e-05, -4.65e-05], [0.0031195, -0.0090255, 0.003859, 0.003858, 0.0027575, -0.0083115, 0.0027595, 0.002758], [0.0038585, 0.001193, -0.0022965, -0.004393, -4.6e-05, 0.0027585, 0.0005485, -4.6e-05], [0.003859, 0.0011925, -0.004392, -0.002298, -4.65e-05, 0.002758, -4.55e-05, 0.0005485], [0.0072695, 0.004112, -0.0082335, -0.008234, -0.0090265, 0.0031185, 0.0038585, 0.0038605], [0.0041145, -0.0062715, 0.0057455, 0.005746, 0.0009325, -0.0090265, 0.001194, 0.0011935], [-0.008235, 0.005747, 0.0006905, 0.001812, 0.001194, 0.0038595, -0.002298, -0.004392], [-0.0082335, 0.0057465, 0.001812, 0.0006915, 0.001195, 0.003859, -0.0043935, -0.002298]], [[-2e-06, 4e-06, -2e-06, -3e-06, -2.5e-06, 5e-06, -2.5e-06, -5e-07], [-2.5e-06, -5e-07, -1e-06, 3.5e-06, 5e-06, -0.0, -5e-07, -3.5e-06], [-2e-06, -1e-06, 5e-07, 1.5e-06, -2.5e-06, 0.0, 1e-06, 2.5e-06], [7e-06, -1e-06, -5e-07, -2e-06, -5e-07, -4.5e-06, 2.5e-06, 3.5e-06], [9e-06, -5e-07, 8.5e-06, -1e-05, -5e-07, -2.5e-06, -4e-06, 7.5e-06], [0.0, -0.0, -1e-05, 1.1e-05, 4e-06, -5e-07, -5e-07, 5e-07], [3.5e-06, -6e-06, 1e-05, 1.5e-06, -0.0, -3e-06, 0.0, -2e-06], [-8e-06, 9e-06, -5e-07, -9.5e-06, -4.5e-06, 5e-06, 2e-06, -2.5e-06]]], "(-2, 2, -2)": [[[0.0007471666666666667, -0.0006198333333333333, -0.0006196666666666667, -0.0006198333333333333, -0.0027709999999999996, 0.0009195000000000001, 0.0009193333333333333, 0.0009198333333333333], [-0.0006198333333333333, 0.0007469999999999999, -0.0006194999999999999, -0.0006194999999999999, 0.0009198333333333333, 0.00018266666666666667, -1.5333333333333334e-05, -1.55e-05], [-0.0006196666666666667, -0.0006194999999999999, 0.0007469999999999999, -0.0006196666666666667, 0.0009191666666666667, -1.5333333333333334e-05, 0.00018283333333333335, -1.5333333333333334e-05], [-0.0006198333333333333, -0.0006194999999999999, -0.0006196666666666667, 0.0007471666666666667, 0.0009198333333333333, -1.55e-05, -1.55e-05, 0.00018266666666666667], [-0.0027709999999999996, 0.0009198333333333333, 0.0009191666666666667, 0.0009198333333333333, 0.0007473333333333334, -0.0006194999999999999, -0.0006198333333333333, -0.0006196666666666667], [0.0009195000000000001, 0.00018266666666666667, -1.5333333333333334e-05, -1.55e-05, -0.0006194999999999999, 0.0007469999999999999, -0.0006194999999999999, -0.0006198333333333333], [0.0009193333333333333, -1.5333333333333334e-05, 0.00018283333333333335, -1.55e-05, -0.0006198333333333333, -0.0006194999999999999, 0.0007468333333333333, -0.0006194999999999999], [0.0009198333333333333, -1.55e-05, -1.5333333333333334e-05, 0.00018266666666666667, -0.0006196666666666667, -0.0006198333333333333, -0.0006194999999999999, 0.0007471666666666667]], [[0.0, -6.666666666666666e-07, 1.6666666666666665e-07, 1.1666666666666666e-06, 1.5e-06, -1.3333333333333332e-06, 1e-06, -1.1666666666666666e-06], [6.666666666666666e-07, 0.0, -1.6666666666666665e-07, -6.666666666666666e-07, -1.3333333333333332e-06, -5e-07, -3.333333333333333e-07, 1.6666666666666669e-06], [-1.6666666666666665e-07, 1.6666666666666665e-07, 0.0, 0.0, 1.3333333333333332e-06, -3.333333333333333e-07, -1.6666666666666665e-07, -8.333333333333334e-07], [-1.1666666666666666e-06, 6.666666666666666e-07, -0.0, -0.0, -1.3333333333333332e-06, 1.6666666666666669e-06, -6.666666666666666e-07, -0.0], [-1.5e-06, 1.3333333333333332e-06, -1.3333333333333332e-06, 1.3333333333333332e-06, -0.0, 5e-07, 0.0, -1.3333333333333332e-06], [1.3333333333333332e-06, 5e-07, 3.333333333333333e-07, -1.6666666666666669e-06, -5e-07, -0.0, -0.0, 8.333333333333334e-07], [-1e-06, 3.333333333333333e-07, 1.6666666666666665e-07, 6.666666666666666e-07, -0.0, 0.0, -0.0, 0.0], [1.1666666666666666e-06, -1.6666666666666669e-06, 8.333333333333334e-07, 0.0, 1.3333333333333332e-06, -8.333333333333334e-07, -0.0, 0.0]]], "(-2, 2, -1)": [[[-0.0022975, 0.0038585, 0.0011935, -0.0043925, -0.0076615, 0.004815, -0.0096575, 0.007266], [0.001193, -0.009026, 0.000933, 0.001194, 0.0048135, -0.0063545, 0.004814, 0.005706], [0.003859, 0.00312, -0.0090255, 0.003859, -0.009656, 0.004813, -0.007664, 0.0072665], [-0.004393, 0.003859, 0.001193, -0.002297, 0.0072665, 0.005706, 0.0072665, -0.016869], [-0.0076625, -0.009656, 0.0048125, 0.007267, -0.002297, 0.0011935, 0.0038585, -0.004393], [-0.009657, -0.0076625, 0.0048125, 0.007268, 0.003858, -0.0090255, 0.00312, 0.003858], [0.004815, 0.004815, -0.006354, 0.005705, 0.001193, 0.000934, -0.009027, 0.001193], [0.0072655, 0.007265, 0.005708, -0.0168695, -0.004392, 0.0011925, 0.003859, -0.0022965]], [[-1e-06, -3.5e-06, 5.5e-06, -5e-06, -0.0, 2e-06, -2.5e-06, 1e-06], [-2.5e-06, -5e-07, 0.0, 2.5e-06, -1.5e-06, 4.5e-06, -5e-07, -3e-06], [1e-06, -2.5e-06, 5e-07, -1e-06, 5e-07, -2.5e-06, 5e-07, 2.5e-06], [7e-06, 5e-06, -7e-06, -5e-07, -0.0, -1.5e-06, 2.5e-06, -1.5e-06], [1.95e-05, 0.0, -1.5e-06, -3.5e-06, -2e-06, -3e-06, 3e-06, 5e-06], [-5e-07, -1e-06, 5e-07, 5e-07, -5e-06, 5e-07, -3e-06, 5.5e-06], [-1.5e-06, 2.5e-06, -2e-06, 2.5e-06, 6e-06, -5e-07, 5e-07, -6e-06], [-4e-06, -0.0, 3.5e-06, -4e-06, -3.5e-06, 3e-06, -3.5e-06, -5e-07]]], "(-2, 2, 0)": [[[-0.0025655, 0.002169, 0.0021695, 0.014515, -0.1019765, -0.043787, -0.043787, 0.06161], [0.002169, -0.006932, -0.0344585, 0.0021685, -0.043782, 0.046437, 0.009186, -0.005539], [0.0021695, -0.0344585, -0.0069325, 0.002169, -0.0437875, 0.0091875, 0.0464355, -0.005536], [0.014515, 0.0021685, 0.002169, -0.0025665, 0.0616095, -0.005533, -0.0055315, -0.0118025], [-0.1019765, -0.043782, -0.0437875, 0.0616095, -0.002565, 0.0021675, 0.0021675, 0.0145185], [-0.043787, 0.046437, 0.0091875, -0.005533, 0.0021675, -0.006934, -0.034458, 0.002169], [-0.043787, 0.009186, 0.0464355, -0.0055315, 0.0021675, -0.034458, -0.0069305, 0.0021695], [0.06161, -0.005539, -0.005536, -0.0118025, 0.0145185, 0.002169, 0.0021695, -0.002566]], [[0.0, -1e-06, -1.2e-05, -1.3e-05, -8e-06, 1.2e-05, -1.35e-05, 1e-06], [1e-06, -0.0, -2e-06, -3.5e-06, 2.5e-06, 9e-06, 8.5e-06, -9.5e-06], [1.2e-05, 2e-06, 0.0, -1.2e-05, -4.5e-06, 1.2e-05, 5e-07, 2e-06], [1.3e-05, 3.5e-06, 1.2e-05, -0.0, -1e-06, -1.35e-05, 5.5e-06, 1e-05], [8e-06, -2.5e-06, 4.5e-06, 1e-06, -0.0, 3.5e-06, 1.25e-05, 9.5e-06], [-1.2e-05, -9e-06, -1.2e-05, 1.35e-05, -3.5e-06, -0.0, 5e-07, 5e-06], [1.35e-05, -8.5e-06, -5e-07, -5.5e-06, -1.25e-05, -5e-07, -0.0, 1.25e-05], [-1e-06, 9.5e-06, -2e-06, -1e-05, -9.5e-06, -5e-06, -1.25e-05, -0.0]]], "(-2, 2, 1)": [[[-0.0022975, 0.001193, 0.003859, -0.004393, -0.0076625, -0.009657, 0.004815, 0.0072655], [0.0038585, -0.009026, 0.00312, 0.003859, -0.009656, -0.0076625, 0.004815, 0.007265], [0.0011935, 0.000933, -0.0090255, 0.001193, 0.0048125, 0.0048125, -0.006354, 0.005708], [-0.0043925, 0.001194, 0.003859, -0.002297, 0.007267, 0.007268, 0.005705, -0.0168695], [-0.0076615, 0.0048135, -0.009656, 0.0072665, -0.002297, 0.003858, 0.001193, -0.004392], [0.004815, -0.0063545, 0.004813, 0.005706, 0.0011935, -0.0090255, 0.000934, 0.0011925], [-0.0096575, 0.004814, -0.007664, 0.0072665, 0.0038585, 0.00312, -0.009027, 0.003859], [0.007266, 0.005706, 0.0072665, -0.016869, -0.004393, 0.003858, 0.001193, -0.0022965]], [[1e-06, 2.5e-06, -1e-06, -7e-06, -1.95e-05, 5e-07, 1.5e-06, 4e-06], [3.5e-06, 5e-07, 2.5e-06, -5e-06, -0.0, 1e-06, -2.5e-06, 0.0], [-5.5e-06, -0.0, -5e-07, 7e-06, 1.5e-06, -5e-07, 2e-06, -3.5e-06], [5e-06, -2.5e-06, 1e-06, 5e-07, 3.5e-06, -5e-07, -2.5e-06, 4e-06], [0.0, 1.5e-06, -5e-07, 0.0, 2e-06, 5e-06, -6e-06, 3.5e-06], [-2e-06, -4.5e-06, 2.5e-06, 1.5e-06, 3e-06, -5e-07, 5e-07, -3e-06], [2.5e-06, 5e-07, -5e-07, -2.5e-06, -3e-06, 3e-06, -5e-07, 3.5e-06], [-1e-06, 3e-06, -2.5e-06, 1.5e-06, -5e-06, -5.5e-06, 6e-06, 5e-07]]], "(-2, 2, 2)": [[[0.0007471666666666667, -0.0006198333333333333, -0.0006196666666666667, -0.0006198333333333333, -0.0027709999999999996, 0.0009195000000000001, 0.0009193333333333333, 0.0009198333333333333], [-0.0006198333333333333, 0.0007469999999999999, -0.0006194999999999999, -0.0006194999999999999, 0.0009198333333333333, 0.00018266666666666667, -1.5333333333333334e-05, -1.55e-05], [-0.0006196666666666667, -0.0006194999999999999, 0.0007469999999999999, -0.0006196666666666667, 0.0009191666666666667, -1.5333333333333334e-05, 0.00018283333333333335, -1.5333333333333334e-05], [-0.0006198333333333333, -0.0006194999999999999, -0.0006196666666666667, 0.0007471666666666667, 0.0009198333333333333, -1.55e-05, -1.55e-05, 0.00018266666666666667], [-0.0027709999999999996, 0.0009198333333333333, 0.0009191666666666667, 0.0009198333333333333, 0.0007473333333333334, -0.0006194999999999999, -0.0006198333333333333, -0.0006196666666666667], [0.0009195000000000001, 0.00018266666666666667, -1.5333333333333334e-05, -1.55e-05, -0.0006194999999999999, 0.0007469999999999999, -0.0006194999999999999, -0.0006198333333333333], [0.0009193333333333333, -1.5333333333333334e-05, 0.00018283333333333335, -1.55e-05, -0.0006198333333333333, -0.0006194999999999999, 0.0007468333333333333, -0.0006194999999999999], [0.0009198333333333333, -1.55e-05, -1.5333333333333334e-05, 0.00018266666666666667, -0.0006196666666666667, -0.0006198333333333333, -0.0006194999999999999, 0.0007471666666666667]], [[0.0, -6.666666666666666e-07, 1.6666666666666665e-07, 1.1666666666666666e-06, 1.5e-06, -1.3333333333333332e-06, 1e-06, -1.1666666666666666e-06], [6.666666666666666e-07, 0.0, -1.6666666666666665e-07, -6.666666666666666e-07, -1.3333333333333332e-06, -5e-07, -3.333333333333333e-07, 1.6666666666666669e-06], [-1.6666666666666665e-07, 1.6666666666666665e-07, 0.0, 0.0, 1.3333333333333332e-06, -3.333333333333333e-07, -1.6666666666666665e-07, -8.333333333333334e-07], [-1.1666666666666666e-06, 6.666666666666666e-07, -0.0, -0.0, -1.3333333333333332e-06, 1.6666666666666669e-06, -6.666666666666666e-07, -0.0], [-1.5e-06, 1.3333333333333332e-06, -1.3333333333333332e-06, 1.3333333333333332e-06, 0.0, 5e-07, 0.0, -1.3333333333333332e-06], [1.3333333333333332e-06, 5e-07, 3.333333333333333e-07, -1.6666666666666669e-06, -5e-07, -0.0, -0.0, 8.333333333333334e-07], [-1e-06, 3.333333333333333e-07, 1.6666666666666665e-07, 6.666666666666666e-07, -0.0, 0.0, -0.0, 0.0], [1.1666666666666666e-06, -1.6666666666666669e-06, 8.333333333333334e-07, 0.0, 1.3333333333333332e-06, -8.333333333333334e-07, -0.0, 0.0]]], "(-1, -2, 1)": [[[-0.0022975, -0.0043935, 0.00386, 0.001193, -0.007662, 0.007267, 0.0048135, -0.009657], [-0.0043925, -0.002297, 0.0038585, 0.001194, 0.0072675, -0.0168695, 0.005705, 0.007268], [0.0011935, 0.0011935, -0.0090265, 0.0009325, 0.0048135, 0.0057065, -0.0063535, 0.004813], [0.0038585, 0.0038595, 0.0031185, -0.009026, -0.0096575, 0.0072665, 0.0048145, -0.007662], [-0.007662, 0.007267, -0.0096585, 0.004814, -0.002297, -0.004393, 0.0011935, 0.0038595], [0.007267, -0.0168705, 0.0072675, 0.0057065, -0.004393, -0.002297, 0.001193, 0.0038595], [-0.009658, 0.007268, -0.007664, 0.0048135, 0.003859, 0.003858, -0.0090255, 0.0031185], [0.004814, 0.005706, 0.004814, -0.0063545, 0.001193, 0.001194, 0.000933, -0.0090265]], [[5e-06, -3.5e-06, -3.5e-06, 2e-06, -1.5e-06, -1e-06, -1e-06, -3.5e-06], [-5.5e-06, 5e-07, -2e-06, 5e-06, -2e-06, 5e-07, -1e-06, 1e-06], [3e-06, -5e-07, 4e-06, -3.5e-06, 5e-07, -1.5e-06, 1e-06, 3.5e-06], [-5e-07, 4.5e-06, -4e-06, -6.5e-06, -5e-06, 1.5e-06, 2e-06, 3e-06], [-7e-06, 2.5e-06, 2e-06, 5.5e-06, 6e-06, -6.5e-06, 2.5e-06, 0.0], [2e-06, 1.5e-06, -3.5e-06, 2e-06, -3e-06, 5e-07, -5e-07, 5e-06], [4e-06, -4e-06, 2e-06, -1.5e-06, -4e-06, -1e-06, 4e-06, -4e-06], [1.5e-06, 2.5e-06, -1e-06, -3.5e-06, 2.5e-06, 4.5e-06, -4e-06, -7.5e-06]]], "(-1, -2, 2)": [[[-0.002297, 0.0038585, -0.004393, 0.0011935, -0.0076635, 0.004815, 0.007267, -0.0096585], [0.0011935, -0.009026, 0.001194, 0.000932, 0.004813, -0.006354, 0.005707, 0.004814], [-0.0043935, 0.0038595, -0.002298, 0.0011945, 0.0072675, 0.0057065, -0.0168705, 0.007266], [0.0038595, 0.0031185, 0.003859, -0.0090265, -0.009658, 0.0048145, 0.007266, -0.00766], [-0.0076635, -0.0096575, 0.007268, 0.004812, -0.002297, 0.0011935, -0.0043925, 0.0038595], [-0.0096575, -0.007661, 0.007267, 0.004813, 0.003859, -0.009026, 0.003859, 0.0031185], [0.007267, 0.0072655, -0.0168705, 0.005707, -0.0043935, 0.0011935, -0.002298, 0.0038585], [0.004814, 0.0048145, 0.0057065, -0.0063535, 0.001194, 0.0009335, 0.0011935, -0.009027]], [[-3.5e-06, 3e-06, 4e-06, -3e-06, -3e-06, 4e-06, -2.5e-06, 1e-06], [-5e-07, -5e-07, 5e-07, 2.5e-06, 6.5e-06, 5e-07, 1e-06, -7e-06], [-1e-06, -0.0, -1e-06, -5e-07, -1e-06, -5e-07, -1.5e-06, 3e-06], [9.5e-06, -6.5e-06, -5.5e-06, -1e-06, -5e-07, -4e-06, 2.5e-06, 5.5e-06], [3.5e-06, -1.35e-05, 4e-06, -5.5e-06, -3.5e-06, 0.0, 1e-06, 6.5e-06], [-1.5e-05, -2.5e-06, 3.5e-06, 1.1e-05, 6e-06, -1e-06, -2.5e-06, -6e-06], [5.5e-06, 4.5e-06, 7e-06, -6.5e-06, 1.5e-06, 5e-07, -5e-07, -3e-06], [-4e-06, 7.5e-06, -5e-06, -0.0, -3.5e-06, 2.5e-06, -1e-06, -5e-07]]], "(-1, -1, -1)": [[[0.016239, -0.0030155, -0.0030175, -0.00301575, 0.008246, 0.00226475, 0.00226725, 0.0022645], [-0.00301675, 0.01623875, -0.0030155, -0.00301625, 0.0022645, -0.00638575, -0.00396925, -0.003968], [-0.0030155, -0.003016, 0.01623925, -0.00301625, 0.00226525, -0.00396775, -0.0063855, -0.0039695], [-0.0030155, -0.00301625, -0.0030155, 0.0162385, 0.0022645, -0.0039695, -0.00396775, -0.00638525], [-0.01056425, 0.0023735, 0.0023755, 0.00237375, 0.016239, -0.00301675, -0.0030155, -0.0030165], [0.00237225, 0.00477025, -0.0055575, -0.00555675, -0.00301475, 0.016238, -0.0030175, -0.0030155], [0.002374, -0.0055565, 0.004769, -0.0055585, -0.00301675, -0.0030145, 0.016239, -0.00301625], [0.0023735, -0.00555775, -0.0055575, 0.00477075, -0.003016, -0.0030165, -0.00301575, 0.016239]], [[-4.75e-06, -3.25e-06, 6e-06, 1.5e-06, 3e-06, -7.5e-07, -2.5e-06, -5e-07], [-2.5e-06, 2.5e-07, -2.5e-07, 2.5e-07, 0.0, 2.25e-06, -1.75e-06, 1.75e-06], [6e-06, 1e-06, -5e-07, -5.75e-06, -4.25e-06, -1.5e-06, 3.5e-06, 3.25e-06], [3.25e-06, 3.25e-06, -5.75e-06, 1.75e-06, 7.5e-07, 1.25e-06, 3.25e-06, -4.25e-06], [1.3e-05, -1e-06, -4.25e-06, -3.5e-06, -4.75e-06, -3e-06, 7.5e-06, 2.5e-06], [-7.5e-07, -2.5e-07, 1.25e-06, -2.75e-06, -4e-06, 5e-07, 7.5e-07, 4.25e-06], [-5.75e-06, 2.5e-06, -1.5e-06, 4e-06, 8.25e-06, -7.5e-07, -1e-06, -7e-06], [-2.5e-06, -3.25e-06, 2.75e-06, 7.5e-07, -2.5e-07, 1.25e-06, -5.5e-06, 2e-06]]], "(-1, -1, 0)": [[[-0.006065, 0.022201, 0.056244, -0.010449, 0.092869, -0.011075, 0.018384, -0.087561], [0.014857, -0.016442, -0.050849, 0.014865, -0.011065, -0.023603, -0.011074, 0.123218], [-0.017136, 0.004349, 0.013539, -0.017133, 0.018374, -0.011062, 0.092865, -0.087583], [-0.010442, 0.022195, 0.05625, -0.006068, -0.087576, 0.123218, -0.087568, -0.203952], [0.00138, 0.003622, -0.016463, 0.011494, -0.006066, 0.014865, -0.017139, -0.010449], [0.003623, 0.001386, -0.016475, 0.011492, 0.022191, -0.016434, 0.004346, 0.022198], [-0.016469, -0.01647, 0.014536, 0.008231, 0.056248, -0.050857, 0.013537, 0.056251], [0.011495, 0.011493, 0.008228, -0.012549, -0.010439, 0.014855, -0.017131, -0.006067]], [[2.6e-05, 1.1e-05, -3e-05, -1.9e-05, -1.2e-05, 2e-06, -5e-06, 1.6e-05], [-8e-06, -1e-06, 4e-06, 1e-05, 7e-06, -1e-06, 3e-06, -2.3e-05], [-1e-05, -3e-06, 2e-06, 8e-06, -1.1e-05, 4e-06, -4e-06, 2.2e-05], [1.5e-05, -1.3e-05, 2.4e-05, -1.2e-05, 1.8e-05, -2.2e-05, 1.4e-05, 2.8e-05], [-1.9e-05, -7e-06, 2.9e-05, 1.4e-05, 2.9e-05, -6e-06, -1.2e-05, 1.1e-05], [-8e-06, -5e-06, 0.0, 1.7e-05, 1.2e-05, -5e-06, 2e-06, -9e-06], [2.9e-05, 1e-06, -8e-06, -1.9e-05, -2.4e-05, -2e-06, 1e-05, 2.3e-05], [1.6e-05, 1.8e-05, -1.9e-05, -2.4e-05, -2.6e-05, 1.2e-05, 8e-06, -1.4e-05]]], "(-1, -1, 1)": [[[0.011409, 0.021783, 0.021778, -0.017869, -0.159018, 0.001921, 0.001916, 0.025634], [-0.007208, 0.011412, -0.017873, -0.007207, 0.001915, 0.004836, 0.008082, -0.007109], [-0.007207, -0.017867, 0.011414, -0.00721, 0.001929, 0.008082, 0.004823, -0.007099], [-0.017874, 0.021782, 0.021782, 0.011409, 0.025645, -0.007104, -0.007095, -0.012321], [-0.03374, 0.014535, 0.014532, 0.011412, 0.011412, -0.007204, -0.007208, -0.017874], [0.014533, -0.015327, -0.019315, 0.009629, 0.021788, 0.011405, -0.017873, 0.021785], [0.014532, -0.019313, -0.015321, 0.009628, 0.021781, -0.017874, 0.011409, 0.021778], [0.011413, 0.009625, 0.009626, -0.012706, -0.01787, -0.00721, -0.007208, 0.011415]], [[-2.3e-05, 1.8e-05, 2.6e-05, -1e-06, 1e-06, -6e-06, 7e-06, 8e-06], [1e-05, 3e-06, 6e-06, -1.5e-05, 4e-06, -1.1e-05, 1.2e-05, -3e-06], [-5e-06, -6e-06, -1.2e-05, 1e-05, 5e-06, 2.3e-05, 4e-06, -3.7e-05], [-1e-06, -1.8e-05, -1.9e-05, 2.8e-05, 2e-06, 2e-06, -6.1e-05, 0.000109], [-1e-06, -6e-06, -1.1e-05, 4e-06, -2.1e-05, 1.3e-05, -1.6e-05, 4e-06], [-7e-06, 1.3e-05, 1.2e-05, -1.1e-05, 1.1e-05, 3e-06, 6e-06, -1.9e-05], [-9e-06, 1.4e-05, 1.7e-05, -2e-06, 3.4e-05, 2e-06, -1e-06, -2.9e-05], [3e-06, -9e-06, 1e-06, 2e-06, -1.2e-05, -1.4e-05, 1.5e-05, 2.4e-05]]], "(-1, -1, 2)": [[[-0.006071, 0.056254, 0.022204, -0.010448, 0.092867, 0.018379, -0.01107, -0.087572], [-0.017134, 0.013531, 0.004347, -0.017134, 0.018369, 0.092875, -0.011069, -0.087567], [0.014863, -0.050853, -0.016443, 0.014869, -0.011062, -0.011081, -0.023602, 0.123218], [-0.01044, 0.05625, 0.022198, -0.006073, -0.087582, -0.087556, 0.123218, -0.203956], [0.001385, -0.016467, 0.003622, 0.011491, -0.006074, -0.017132, 0.014864, -0.010446], [-0.016474, 0.014536, -0.016466, 0.008231, 0.056253, 0.013525, -0.05085, 0.056247], [0.003624, -0.016472, 0.001383, 0.011495, 0.022197, 0.00434, -0.016434, 0.022201], [0.011492, 0.008232, 0.011494, -0.012549, -0.010439, -0.017132, 0.014854, -0.006067]], [[1e-05, -5e-06, -4e-05, 4.1e-05, 4e-05, -9e-06, 9e-06, 8e-06], [1.3e-05, -7e-06, -6e-06, -7e-06, -4e-06, -1e-06, -1.5e-05, 4e-05], [-7e-06, -1e-06, 1.1e-05, -4e-06, -6e-06, -4e-06, 1.5e-05, -3.3e-05], [-3.7e-05, 6e-06, 2.7e-05, -2e-06, 2.8e-05, 1.6e-05, -3.3e-05, 4.1e-05], [-1e-05, 3.3e-05, 9e-06, -7e-06, 0.0, 6e-06, 1e-06, -3.6e-05], [3.7e-05, -5e-06, -2.7e-05, -2e-06, -7e-06, 2e-06, -1e-06, 8e-06], [2e-06, -1.5e-05, -1e-05, 1.3e-05, -1.9e-05, 1e-06, -0.0, 1.9e-05], [-5e-06, -4e-06, 1.1e-05, 9e-06, 3.4e-05, -3e-06, -2e-06, -5e-06]]], "(-1, -1, 3)": [[[0.016239, -0.0030155, -0.0030175, -0.00301575, 0.008246, 0.00226475, 0.00226725, 0.0022645], [-0.00301675, 0.01623875, -0.0030155, -0.00301625, 0.0022645, -0.00638575, -0.00396925, -0.003968], [-0.0030155, -0.003016, 0.01623925, -0.00301625, 0.00226525, -0.00396775, -0.0063855, -0.0039695], [-0.0030155, -0.00301625, -0.0030155, 0.0162385, 0.0022645, -0.0039695, -0.00396775, -0.00638525], [-0.01056425, 0.0023735, 0.0023755, 0.00237375, 0.016239, -0.00301675, -0.0030155, -0.0030165], [0.00237225, 0.00477025, -0.0055575, -0.00555675, -0.00301475, 0.016238, -0.0030175, -0.0030155], [0.002374, -0.0055565, 0.004769, -0.0055585, -0.00301675, -0.0030145, 0.016239, -0.00301625], [0.0023735, -0.00555775, -0.0055575, 0.00477075, -0.003016, -0.0030165, -0.00301575, 0.016239]], [[-4.75e-06, -3.25e-06, 6e-06, 1.5e-06, 3e-06, -7.5e-07, -2.5e-06, -5e-07], [-2.5e-06, 2.5e-07, -2.5e-07, 2.5e-07, 0.0, 2.25e-06, -1.75e-06, 1.75e-06], [6e-06, 1e-06, -5e-07, -5.75e-06, -4.25e-06, -1.5e-06, 3.5e-06, 3.25e-06], [3.25e-06, 3.25e-06, -5.75e-06, 1.75e-06, 7.5e-07, 1.25e-06, 3.25e-06, -4.25e-06], [1.3e-05, -1e-06, -4.25e-06, -3.5e-06, -4.75e-06, -3e-06, 7.5e-06, 2.5e-06], [-7.5e-07, -2.5e-07, 1.25e-06, -2.75e-06, -4e-06, 5e-07, 7.5e-07, 4.25e-06], [-5.75e-06, 2.5e-06, -1.5e-06, 4e-06, 8.25e-06, -7.5e-07, -1e-06, -7e-06], [-2.5e-06, -3.25e-06, 2.75e-06, 7.5e-07, -2.5e-07, 1.25e-06, -5.5e-06, 2e-06]]], "(-1, 0, -1)": [[[0.01353, 0.004342, -0.017131, -0.017136, -0.012709, 0.011412, 0.00963, 0.009629], [-0.050853, -0.016437, 0.014863, 0.014861, 0.011414, -0.033741, 0.014534, 0.014532], [0.056256, 0.022197, -0.00607, -0.010444, 0.009628, 0.014535, -0.015324, -0.019318], [0.056244, 0.022204, -0.010446, -0.006067, 0.009628, 0.014533, -0.019318, -0.015324], [0.019083, 0.009498, -0.022233, -0.022234, 0.013533, -0.050845, 0.056248, 0.056246], [0.009498, -0.042258, 0.009491, 0.009495, 0.004344, -0.016438, 0.022201, 0.022197], [-0.022233, 0.009491, 0.019087, -0.022226, -0.017128, 0.014855, -0.006071, -0.010438], [-0.022231, 0.009496, -0.02223, 0.019082, -0.017136, 0.014864, -0.010446, -0.006069]], [[6e-06, -7e-06, -2.3e-05, -2e-06, -6e-06, 4e-06, 1e-06, 1.3e-05], [2.4e-05, 7e-06, 3e-06, -1.1e-05, 1e-06, 2e-06, -6e-06, 3e-06], [-3.6e-05, 7e-06, -2e-06, 1.7e-05, 7e-06, -9e-06, 7e-06, -1.2e-05], [-2.5e-05, -1.5e-05, 2.6e-05, 5e-06, 1e-05, 4e-06, -4e-06, -1.2e-05], [-4.7e-05, 2e-06, 2.5e-05, 6e-06, 8e-06, 2.5e-05, -3e-05, -3.1e-05], [-2e-06, 3e-06, 5e-06, -0.0, -0.0, 1e-06, 1e-06, -7e-06], [3.2e-05, -1e-06, -1e-06, -3.5e-05, -3.4e-05, 9e-06, -3e-06, 3.1e-05], [3e-06, 2e-06, -2.6e-05, 3.2e-05, 6e-06, -1.1e-05, 1e-05, 3e-06]]], "(-1, 0, 0)": [[[0.107789, 0.27821, -0.078874, -0.086758, 0.004837, 0.008079, 0.001912, -0.007108], [-0.086767, -0.084972, -0.086775, 0.108655, 0.008082, 0.004824, 0.001931, -0.007098], [-0.078868, 0.278198, 0.107826, -0.086785, 0.001922, 0.001916, -0.159019, 0.02565], [0.278222, -0.427048, 0.278188, -0.084981, -0.00711, -0.007095, 0.025637, -0.012325], [0.004839, -0.00711, 0.001922, 0.008076, 0.107846, -0.086784, -0.078858, 0.278184], [-0.007099, -0.012326, 0.025653, -0.007102, 0.278193, -0.084961, 0.278225, -0.427062], [0.001914, 0.025644, -0.159023, 0.001927, -0.078882, -0.086756, 0.107766, 0.278224], [0.008074, -0.007099, 0.001924, 0.004831, -0.086776, 0.108646, -0.086767, -0.084965]], [[-4.3e-05, -2.6e-05, 4.1e-05, 2.6e-05, 1.9e-05, -2.9e-05, 1.3e-05, 1.8e-05], [-2e-06, -7e-06, 9e-06, -3e-06, -2.7e-05, 1.2e-05, 1.9e-05, 1.5e-05], [-2.3e-05, 2.5e-05, -3e-06, 1e-06, 2.1e-05, 8e-06, -3.4e-05, -2.7e-05], [-2.3e-05, -4e-06, -7.8e-05, 2.5e-05, 5e-06, 2.3e-05, -2.4e-05, -5.8e-05], [1.9e-05, 2.1e-05, -3.8e-05, -1.1e-05, -5.5e-05, -2e-06, 8e-06, -2e-05], [1.7e-05, 1.7e-05, -8e-06, -2.6e-05, -4e-05, -1e-05, 3.7e-05, 0.0], [-3.3e-05, 1e-06, -4e-06, 2.8e-05, 3e-05, 2.2e-05, 3e-06, -8.6e-05], [-1.2e-05, -2.4e-05, 4.4e-05, 1.1e-05, 3.5e-05, -5e-06, -2.4e-05, 2.8e-05]]], "(-1, 0, 1)": [[[0.107796, -0.078862, 0.278217, -0.086778, 0.004826, 0.001919, 0.008073, -0.007087], [-0.078889, 0.107829, 0.278193, -0.086766, 0.001924, -0.159024, 0.001916, 0.025647], [-0.08676, -0.086781, -0.084982, 0.10866, 0.008083, 0.001922, 0.004839, -0.007116], [0.278211, 0.278199, -0.427044, -0.084992, -0.007102, 0.025645, -0.007101, -0.01233], [0.004827, 0.001925, -0.007107, 0.008082, 0.10781, -0.078894, -0.086764, 0.278196], [0.001923, -0.159029, 0.025629, 0.001928, -0.078863, 0.107798, -0.08677, 0.278215], [-0.007094, 0.025639, -0.012318, -0.0071, 0.278197, 0.278212, -0.084954, -0.427068], [0.00808, 0.001915, -0.007103, 0.004828, -0.086776, -0.086756, 0.108637, -0.084947]], [[-9e-06, -9.4e-05, -6.1e-05, 7.4e-05, 2.5e-05, 2.3e-05, -2.5e-05, 2.3e-05], [-6.5e-05, -5.9e-05, -4.8e-05, 6.1e-05, 2.6e-05, 6e-06, -5e-06, -3.8e-05], [2.5e-05, 4e-05, 7.3e-05, -6.2e-05, -1.8e-05, -2.7e-05, 1.3e-05, -1e-06], [-6e-05, -6.1e-05, -0.000114, 8e-05, 1.2e-05, -1.5e-05, 2.9e-05, -8.1e-05], [-1.7e-05, 1.7e-05, -7e-06, 1.1e-05, -5.6e-05, -6.2e-05, 5.1e-05, -7.9e-05], [8e-06, 3e-06, 2.3e-05, -2e-05, -8.5e-05, -1.5e-05, 6e-06, -2.7e-05], [1.5e-05, 1e-06, 1e-05, -2.2e-05, -8.2e-05, -2.5e-05, 7.1e-05, -9.7e-05], [-0.0, -8e-06, 1.2e-05, -1e-06, 0.000104, 3.3e-05, -6.7e-05, 7.2e-05]]], "(-1, 0, 2)": [[[0.013535, -0.017138, 0.004351, -0.017133, -0.012707, 0.009629, 0.011411, 0.009625], [0.056246, -0.006066, 0.022196, -0.010444, 0.009627, -0.015322, 0.014532, -0.019315], [-0.050852, 0.014862, -0.01644, 0.014861, 0.011413, 0.014531, -0.033738, 0.014535], [0.056248, -0.010441, 0.022196, -0.006067, 0.009628, -0.019316, 0.014535, -0.015327], [0.019081, -0.022229, 0.009494, -0.022229, 0.013541, 0.056244, -0.05085, 0.056247], [-0.022226, 0.01908, 0.009497, -0.022234, -0.017137, -0.006063, 0.014856, -0.010438], [0.00949, 0.009496, -0.042256, 0.009494, 0.004348, 0.022194, -0.016436, 0.022196], [-0.02223, -0.022233, 0.009497, 0.019084, -0.017136, -0.010441, 0.014859, -0.00607]], [[-2.5e-05, 5e-06, 3.5e-05, -2.7e-05, 1e-06, 2e-05, -1.6e-05, -1.4e-05], [-3e-05, -9e-06, -1.6e-05, 3.6e-05, 2e-05, -1.1e-05, 8e-06, -2.4e-05], [1.9e-05, -4e-06, -1.1e-05, -9e-06, -1.3e-05, 6e-06, 1.1e-05, 1.4e-05], [8e-06, 6e-06, -7e-06, -4e-06, -1.4e-05, -2.5e-05, 1.9e-05, 7e-06], [4e-05, -1.6e-05, -1.2e-05, 1e-06, -3.6e-05, -3e-05, 2.3e-05, 6e-06], [-1.8e-05, -1e-06, 0.0, 1.5e-05, 1.1e-05, 1e-06, -1.3e-05, 1e-05], [-5e-06, -4e-06, -2e-06, 8e-06, 1.5e-05, -2.3e-05, 4e-06, -1.1e-05], [-2e-06, 1.6e-05, 1.4e-05, -3.3e-05, -1.7e-05, 3.5e-05, -1.7e-05, 2e-06]]], "(-1, 1, -2)": [[[-0.0090255, 0.0011935, 0.0011935, 0.0009335, 0.000549, -4.7e-05, -4.6e-05, 0.0027585], [0.0038595, -0.002298, -0.004392, 0.0011935, -4.65e-05, 0.000548, -4.55e-05, 0.002758], [0.0038585, -0.004393, -0.002297, 0.001193, -4.65e-05, -4.6e-05, 0.0005485, 0.0027595], [0.0031185, 0.003859, 0.003859, -0.009026, 0.0027585, 0.002759, 0.002758, -0.008313], [0.007269, -0.0082345, -0.0082335, 0.004112, -0.0090265, 0.0038605, 0.0038595, 0.0031175], [-0.008235, 0.000691, 0.001811, 0.005749, 0.0011945, -0.002299, -0.004393, 0.003859], [-0.008235, 0.0018115, 0.0006915, 0.0057455, 0.001193, -0.004393, -0.0022965, 0.00386], [0.004116, 0.0057475, 0.0057455, -0.0062735, 0.0009325, 0.001194, 0.001193, -0.009026]], [[7.5e-06, -8.5e-06, -3.5e-06, 4e-06, -5e-07, -6e-06, 3e-06, 4e-06], [1.5e-06, 0.0, 4.5e-06, -7e-06, -6e-06, 1.5e-06, 1e-06, 3.5e-06], [0.0, 5.5e-06, -5e-07, -2.5e-06, 2.5e-06, 5e-07, 1e-06, -4e-06], [-1.35e-05, 2e-06, 3e-06, 5.5e-06, 4.5e-06, 3.5e-06, -5e-06, -7e-06], [-1.65e-05, 7e-06, 4e-06, 8.5e-06, 8.5e-06, 1e-06, -1.5e-06, -1.3e-05], [8.5e-06, 2e-06, 3.5e-06, -1.3e-05, -9.5e-06, -0.0, 5.5e-06, 3.5e-06], [-1.5e-06, 5.5e-06, -4.5e-06, -1e-06, -2.5e-06, 5e-06, -1.5e-06, 5e-07], [1.05e-05, -1.25e-05, -4.5e-06, 1.1e-05, 3e-06, -6e-06, -1.5e-06, 6.5e-06]]], "(-1, 1, -1)": [[[0.01141, -0.017871, -0.007208, -0.007207, -0.033738, 0.011412, 0.014531, 0.014534], [-0.017872, 0.011405, -0.007207, -0.007206, 0.011414, -0.012709, 0.00963, 0.009628], [0.021781, 0.021782, 0.011415, 