[{"type": "wannier"}, {"matrices": {"(-2, -2, 2)": [[[-0.00682675, -0.00432775, -0.00083125, 0.00644675, -0.0004835, -0.0022745, 0.00575225, -0.00081775, -0.00040875, -0.00237275, 0.001589, -0.0080255, 0.004004, -0.00469225, 0.00474525, 0.00052675, -0.00549425, -0.00254025], [-0.00432775, 0.004084, 0.00077475, 0.00063375, -0.00259825, 0.000514, 0.00114175, -0.0024465, -0.00384075, -0.001658, -0.0067215, 0.00635125, -0.00058575, -0.0033175, 0.000411, -0.00338575, -0.00345975, 0.00395475], [-0.00083125, 0.00077475, 0.004584, -0.0007455, 0.00159775, 0.0033155, -4.475e-05, -0.0046425, 0.00150575, 0.00079875, -0.00043325, 0.00166425, 0.001691, 0.00167775, 0.00148675, 0.0031895, -0.0050775, 0.0010785], [0.00644675, 0.00063375, -0.0007455, 0.0086255, -0.00312825, 0.00198325, -0.00059, -0.0012545, 0.0009525, 0.0029835, 0.00033325, -0.00076925, 0.0002735, 0.000835, -0.00370225, -0.005441, 0.00152425, -0.003598], [-0.0004835, -0.00259825, 0.00159775, -0.00312825, 0.00796675, 0.003401, -0.00022225, 0.00418875, 0.00328975, -0.00214625, 0.0033635, -0.0008185, 0.00087175, 0.006135, 0.003553, 0.0070795, 0.0005025, 0.00446175], [-0.0022745, 0.000514, 0.0033155, 0.00198325, 0.003401, 0.00455025, -0.0032525, -0.00112725, 0.007081, -0.0086555, -0.00090625, -0.00296575, 0.003547, 0.001092, 0.000717, 0.00182025, -0.0021505, -0.0050285], [0.00575225, 0.00114175, -4.475e-05, -0.00059, -0.00022225, -0.0032525, 0.01802575, 0.007514, -0.00287875, -0.0010845, 0.0007305, -0.0058585, 0.00547875, 0.00295825, 0.010873, -0.00030575, -0.002469, 0.007687], [-0.00081775, -0.0024465, -0.0046425, -0.0012545, 0.00418875, -0.00112725, 0.007514, 0.005137, 0.002628, -0.004152, 0.002661, -0.00489375, 0.0016425, 0.006098, 0.0034605, 0.0020085, 0.00466825, -0.0030875], [-0.00040875, -0.00384075, 0.00150575, 0.0009525, 0.00328975, 0.007081, -0.00287875, 0.002628, 0.0105455, -0.006069, 0.003471, -0.0079735, 0.00499125, 0.00577525, 0.00107525, 0.00695375, -0.00091625, -0.0063585], [-0.00237275, -0.001658, 0.00079875, 0.0029835, -0.00214625, -0.0086555, -0.0010845, -0.004152, -0.006069, 0.005167, -0.001542, -0.00503875, -0.00427775, -0.0047585, -0.00219425, -0.0040815, 0.002513, 0.00318825], [0.001589, -0.0067215, -0.00043325, 0.00033325, 0.0033635, -0.00090625, 0.0007305, 0.002661, 0.003471, -0.001542, 0.00404175, -0.002843, -0.00099975, 0.00179775, 0.00214125, 0.0059485, 0.000616, -0.0018675], [-0.0080255, 0.00635125, 0.00166425, -0.00076925, -0.0008185, -0.00296575, -0.0058585, -0.00489375, -0.0079735, -0.00503875, -0.002843, -0.004461, -0.003717, 0.002147, -0.0088105, 0.003285, 0.00253075, -0.00341625], [0.004004, -0.00058575, 0.001691, 0.0002735, 0.00087175, 0.003547, 0.00547875, 0.0016425, 0.00499125, -0.00427775, -0.00099975, -0.003717, -0.00682225, -0.00122125, 0.004296, 0.0025905, -0.00782625, 0.010915], [-0.00469225, -0.0033175, 0.00167775, 0.000835, 0.006135, 0.001092, 0.00295825, 0.006098, 0.00577525, -0.0047585, 0.00179775, 0.002147, -0.00122125, 0.0105445, -0.00082125, 0.0033105, 0.011624, -0.0062715], [0.00474525, 0.000411, 0.00148675, -0.00370225, 0.003553, 0.000717, 0.010873, 0.0034605, 0.00107525, -0.00219425, 0.00214125, -0.0088105, 0.004296, -0.00082125, 0.00863375, 0.00294625, -0.00750825, -0.00015925], [0.00052675, -0.00338575, 0.0031895, -0.005441, 0.0070795, 0.00182025, -0.00030575, 0.0020085, 0.00695375, -0.0040815, 0.0059485, 0.003285, 0.0025905, 0.0033105, 0.00294625, 0.007987, -0.001926, -0.0055625], [-0.00549425, -0.00345975, -0.0050775, 0.00152425, 0.0005025, -0.0021505, -0.002469, 0.00466825, -0.00091625, 0.002513, 0.000616, 0.00253075, -0.00782625, 0.011624, -0.00750825, -0.001926, 0.0180305, 0.00149225], [-0.00254025, 0.00395475, 0.0010785, -0.003598, 0.00446175, -0.0050285, 0.007687, -0.0030875, -0.0063585, 0.00318825, -0.0018675, -0.00341625, 0.010915, -0.0062715, -0.00015925, -0.0055625, 0.00149225, -0.0044615]], [[-0.0, 0.00025375, 0.00248175, 0.001711, -0.00039525, 0.00220225, -0.001742, -0.00209775, 0.00093625, 0.00062925, -0.00173075, 0.0001805, -9.025e-05, -0.001271, -0.001283, -0.00104375, -0.0011025, 0.000747], [-0.00025375, -0.0, 0.00176775, 9.7e-05, -0.001573, -0.00078175, -0.00291825, -0.002274, 0.0010205, 1.825e-05, 0.00455075, -0.00050725, 0.00139325, 0.0018165, -0.00106525, 0.0029865, 0.000839, 0.00043925], [-0.00248175, -0.00176775, 0.0, -0.00113075, -0.002066, 0.0007955, -0.00015725, -4.825e-05, 0.001933, -0.000902, 0.00083125, 0.00102325, -0.0018355, 0.00194025, -0.0013835, 0.00214475, -0.000978, -0.004175], [-0.001711, -9.7e-05, 0.00113075, 0.0, -0.0022045, 0.000243, -0.000903, -0.00046075, 0.00069975, -0.001837, -0.001092, 0.00025375, 0.00145375, -0.0005895, -0.0017545, 0.00100325, -0.00179675, -0.00147], [0.00039525, 0.001573, 0.002066, 0.0022045, -0.0, 0.0017845, -0.0012865, -0.00202475, -0.000425, -5.675e-05, -0.00302975, 0.00026825, -0.002049, -0.0029915, -0.00157025, -0.00258325, -0.00161125, -0.00213175], [-0.00220225, 0.00078175, -0.0007955, -0.000243, -0.0017845, 0.0, -0.00157875, -0.0004565, -0.001017, 0.00055425, -0.00024675, 2.65e-05, -0.00055675, -0.00220275, -0.0011555, 0.00190225, -0.00247675, 0.00125825], [0.001742, 0.00291825, 0.00015725, 0.000903, 0.0012865, 0.00157875, 0.0, 0.0003715, -0.00083775, -0.00089225, -0.0004715, -0.002496, 0.00127075, 0.0013495, -0.00026675, -0.0008795, 0.00210525, -0.0007155], [0.00209775, 0.002274, 4.825e-05, 0.00046075, 0.00202475, 0.0004565, -0.0003715, -0.0, -0.0015095, -8.65e-05, 0.00073425, -0.00134875, 0.0013005, 0.000679, -0.00043675, 0.00079475, 0.00104175, -0.00023375], [-0.00093625, -0.0010205, -0.001933, -0.00069975, 0.000425, 0.001017, 0.00083775, 0.0015095, 0.0, 0.00084075, -0.00150725, 0.00011325, -0.00083125, -0.0011735, 0.00014625, 0.0004895, -0.00176925, -0.0004205], [-0.00062925, -1.825e-05, 0.000902, 0.001837, 5.675e-05, -0.00055425, 0.00089225, 8.65e-05, -0.00084075, -0.0, -0.002962, -0.00241775, -0.00085675, -0.0008475, -0.001043, -0.0027905, 0.00155275, 0.00194375], [0.00173075, -0.00455075, -0.00083125, 0.001092, 0.00302975, 0.00024675, 0.0004715, -0.00073425, 0.00150725, 0.002962, -0.0, 0.00022625, -0.00231175, -0.0003525, 0.00044125, -0.00220025, 0.00108575, -0.0002755], [-0.0001805, 0.00050725, -0.00102325, -0.00025375, -0.00026825, -2.65e-05, 0.002496, 0.00134875, -0.00011325, 0.00241775, -0.00022625, 0.0, 0.0004355, -0.00020575, -0.00220975, 0.00080175, 0.00153625, 0.00066225], [9.025e-05, -0.00139325, 0.0018355, -0.00145375, 0.002049, 0.00055675, -0.00127075, -0.0013005, 0.00083125, 0.00085675, 0.00231175, -0.0004355, -0.0, 0.00111425, 0.00106675, 0.00203375, 0.0002835, -0.0016165], [0.001271, -0.0018165, -0.00194025, 0.0005895, 0.0029915, 0.00220275, -0.0013495, -0.000679, 0.0011735, 0.0008475, 0.0003525, 0.00020575, -0.00111425, -0.0, -0.00085825, -8.075e-05, 0.00097775, 0.00022025], [0.001283, 0.00106525, 0.0013835, 0.0017545, 0.00157025, 0.0011555, 0.00026675, 0.00043675, -0.00014625, 0.001043, -0.00044125, 0.00220975, -0.00106675, 0.00085825, -0.0, -0.00243025, 0.001613, 0.00130825], [0.00104375, -0.0029865, -0.00214475, -0.00100325, 0.00258325, -0.00190225, 0.0008795, -0.00079475, -0.0004895, 0.0027905, 0.00220025, -0.00080175, -0.00203375, 8.075e-05, 0.00243025, -0.0, 0.00014625, 0.00060375], [0.0011025, -0.000839, 0.000978, 0.00179675, 0.00161125, 0.00247675, -0.00210525, -0.00104175, 0.00176925, -0.00155275, -0.00108575, -0.00153625, -0.0002835, -0.00097775, -0.001613, -0.00014625, -0.0, -0.0012535], [-0.000747, -0.00043925, 0.004175, 0.00147, 0.00213175, -0.00125825, 0.0007155, 0.00023375, 0.0004205, -0.00194375, 0.0002755, -0.00066225, 0.0016165, -0.00022025, -0.00130825, -0.00060375, 0.0012535, 0.0]]], "(-2, -1, 1)": [[[-0.00283, 0.002742, -0.0154455, -0.005238, -0.001193, 0.0031825, 0.0073505, 0.008298, -0.005774, 0.007915, 0.0140375, 0.009849, 0.006828, 0.009288, -0.0008085, 0.001095, 0.0189065, -0.009211], [-0.030502, -0.009181, -0.0049265, 0.0083245, -0.0112, -0.030748, -0.02134, -0.0169915, -0.009876, 0.001257, 0.005101, -0.0088175, 0.0196725, -0.009903, -0.0062405, -0.009589, 0.0078965, -0.0090805], [0.023772, -0.002315, 0.004498, 0.004195, 0.007862, 0.0124635, 0.0014455, -0.0041265, 0.008657, 0.002859, 0.0084435, 0.001657, -0.0084485, 0.002593, 0.011513, 0.005973, -0.0213575, 0.015459], [-0.0254725, -0.004191, -0.0173935, 0.01055, -0.0134655, -0.0042995, 0.006479, 0.0092055, 0.001856, 0.012308, 0.0018455, 0.002856, 0.0083825, 0.0060165, -0.0423725, -0.0084245, 0.0261985, -0.0054785], [0.018231, -0.000857, 0.0061385, -0.013822, 0.0210255, 0.0168495, 0.000673, 0.008664, 0.009892, -0.009207, 0.0099495, -0.000371, -0.014021, 0.0076365, 0.015122, 0.0189945, -0.0141185, -0.016084], [-0.0060295, -0.0074385, -0.002525, -0.001153, 0.0048775, -0.0091605, 0.0089415, 0.00325, 0.00575, 0.00027, 0.005821, -0.0032895, -0.000525, 0.007276, 0.005051, 0.002345, -0.001576, 0.005572], [0.0176445, -0.0157575, -0.006028, 0.004901, 0.000223, 0.0099265, 0.009241, 0.010737, 0.0015045, 0.006127, 0.010809, 0.006748, 0.000893, 0.0115075, 0.0104895, 0.0031105, -0.0018755, 0.007571], [0.017669, -0.013986, 0.004587, -0.0207785, 0.014526, 0.001409, 0.0032235, 0.008134, 0.007508, -0.0056205, 0.0059115, -0.0172215, -0.010283, 0.0168325, 0.02311, 0.010466, 0.0032065, 0.0141925], [0.0155475, -0.005241, 0.003096, 4.3e-05, 0.0090255, 0.0118745, 0.0066575, 0.01149, 0.014673, 0.000634, 0.0084405, -0.002181, -0.013623, 0.009048, 0.0045575, 0.015875, -0.0162185, 0.0123875], [-0.00438, 0.005383, 0.004009, 0.0085735, -0.0126975, 0.005795, -0.0088185, -0.010018, -0.0102015, -0.0059295, -0.016416, -0.0012125, -0.0071645, -0.004857, -0.0018555, -0.0077705, 0.0078935, -0.0026795], [-0.0023285, 0.005241, 0.00926, -0.003335, 0.0108415, 0.0066755, -0.005398, 0.00553, -0.001682, -0.0041725, -0.0022645, -0.006287, -0.0049055, 0.0057085, -0.002393, 0.007576, 0.0108025, -0.0033765], [-0.0357105, -0.011298, 0.002361, 0.007048, -0.019838, -0.0384325, -0.050871, -0.0540445, -0.0061555, 0.0132045, -0.0070725, -0.008285, 0.0240695, -0.0245155, 0.0109665, -0.0397785, -0.0240685, 0.044814], [0.0007355, 0.0009, 0.0207835, 0.000737, 0.004353, -0.008088, -0.005487, 0.0018575, -0.004903, -0.004975, -0.001844, -0.020481, -0.0298885, -0.018384, -0.0101085, 0.000831, -0.0210905, -0.002233], [0.0241745, -0.0073895, 0.01127, -0.0089905, 0.019287, 0.014377, 0.007931, 0.008875, 0.020139, -0.0026335, 0.008014, -0.019469, -0.028591, 0.017219, 0.0118175, 0.0077215, -0.001351, -0.006329], [0.0006325, -0.0038805, -0.0061765, -0.008671, 0.009923, 0.0115445, 0.014524, 0.0099625, 0.008232, 0.0003945, 0.0078095, 0.007584, 0.001835, 0.0105345, 0.006723, 0.0007375, 0.002863, 0.0023125], [-0.0052155, -0.0041625, 0.0025025, -0.01399, 0.022584, 0.0085215, 0.0001595, 0.0020665, 0.0134145, -0.005031, 0.010055, 0.0154585, 0.006053, 0.0123065, 0.0093025, 0.010459, 0.002627, -0.0021695], [0.0175705, 0.001537, -0.001395, -0.001649, 0.006376, 9.7e-05, -0.0038405, -0.0011225, 0.002476, 0.0024025, 0.0074105, -0.0046525, 0.009496, 0.005204, -0.0012895, 0.00078, 0.009187, -0.0138615], [-0.0121355, -0.0056035, 0.0110365, -0.011056, -0.012127, 0.0078675, 0.0093745, -0.000999, 0.0071, 0.003391, -0.001074, -0.017081, -0.006487, 0.0002205, 0.019235, -0.0045, -0.006961, -0.0086585]], [[0.0028625, 0.0041915, 0.00215, 0.004008, 8.05e-05, -0.003856, -0.0008305, -0.002713, -0.0064905, -0.001199, -0.0059045, -0.0048465, -0.002642, -0.0042045, -0.002817, -0.004321, 0.0023565, 0.0021225], [-0.001219, -0.0011215, -0.001459, -0.0009615, -0.0037715, -0.004945, -0.0029755, -0.0019335, -0.0020655, 0.0043655, 0.004541, 0.000229, -0.0019925, 0.003226, -0.0025905, 0.0018275, 0.002294, 0.0013195], [-0.0042805, -0.001208, 0.002146, 0.000172, -0.0065525, 0.004316, 0.0030675, -0.000637, 0.0031115, -0.0007885, -0.0040635, 0.0063025, -0.009176, 0.002366, 0.000203, 0.000438, -0.00258, -0.0102615], [-0.007206, -0.002905, 0.0001035, 0.0010005, -0.005949, -0.000904, -0.004541, -0.003267, 0.003766, -0.005053, -0.000195, 0.0041945, -0.00029, -0.0005165, -0.005673, 0.002804, -0.0027555, -0.002408], [0.002357, 0.0049055, 0.003771, 0.0047215, -0.000235, 0.006468, -0.001595, -0.004781, -0.000867, 0.001955, -0.006223, 0.0019485, -0.006021, -0.0056235, -0.0028025, -0.006638, -0.002252, -0.004351], [0.001999, 0.002322, -0.0052995, 0.0003085, -0.0038415, 0.0014715, -0.0034255, -0.0040235, -0.0001365, 0.000727, 0.0012295, 0.0092125, 0.000277, -0.0010085, 0.0028335, -0.005177, 0.001075, 0.004309], [0.0023235, 0.00303, -0.007329, 0.0001885, 0.0029055, 0.0042505, -0.0010975, 0.002736, -0.0015735, -0.0078315, -0.0021035, -0.0084925, -0.002077, 0.000307, -0.0031185, 0.0008655, 0.000549, -0.004104], [0.0092785, 0.0008165, -0.0068565, 0.0038975, 0.0034155, 0.0047315, -0.0043965, 0.001183, 1.35e-05, 2.45e-05, 0.004745, 0.0077465, 0.0003835, 0.0024685, -0.00127, -0.000259, 0.003698, -0.0008805], [0.002558, -0.0004625, -0.003177, -0.000296, 0.0022535, 0.008148, 0.00084, 0.000946, 0.0044015, -0.002649, -0.0002895, 0.0062885, 0.001191, 0.000501, 0.0046515, -0.0004855, -0.003607, 0.0026215], [-0.0008465, 0.0032965, 0.0028975, -7.3e-05, -0.0011185, 0.00511, -0.001379, 0.003846, -0.002885, -0.0028725, -0.007485, -0.011455, 0.0032205, -0.0016035, -0.005392, 0.004299, 0.0011325, -0.0068595], [0.002641, -0.000177, 0.003344, 0.000991, 0.0063935, 0.0052575, 0.000175, 0.0017625, 0.0009645, 0.0006075, -0.002087, -0.0023545, 0.0006775, -0.0003455, -0.002286, -0.001494, 0.0020705, 0.0007615], [-0.003768, 0.0050185, -0.000645, 5.8e-05, 0.0020005, 0.008917, 0.0057345, 0.015644, -0.0004355, -0.013871, -0.009326, 0.0003455, 0.001922, 0.0021365, -0.0101465, 0.004642, 0.001282, -0.00551], [-0.0004625, -0.0101845, -0.001648, -0.00245, 0.005074, -0.001503, -0.0047965, -0.0060885, 0.006525, 0.0043315, 0.0146185, 0.000889, -0.00049, 0.004254, 0.0030325, 0.0030745, -0.000303, 0.0032615], [0.0068735, -0.00011, -0.0032245, 0.000473, 0.0069385, 0.005166, -0.0002635, 0.001349, 0.000637, -0.0017165, -0.001124, -0.0015125, -0.0023465, 0.0003965, 0.001468, -0.000338, 0.0017965, 0.001169], [-0.0030055, 0.0019935, 0.004907, 0.0044965, 0.0040125, 0.0005485, 0.0003185, -0.000389, -0.003172, -0.0028825, -0.0034145, -0.006934, -0.003822, -0.001396, 7.1e-05, -0.002819, 0.00088, -0.002648], [0.0004085, -0.000163, -0.0010915, 0.0037975, 0.005227, 0.0058375, -0.0008305, -0.000697, 0.0011835, -0.0005955, 0.000734, 0.001995, -0.001184, 0.0014175, 0.002307, -0.003607, 0.002876, 0.002356], [0.0048865, 0.000713, 0.0027675, -0.00044, 0.002348, 0.0002995, 0.001918, 0.0025995, -0.000758, -0.001927, -0.003641, -0.001387, 0.0026275, -0.0029825, -0.001721, 0.0025015, -0.002529, 0.0015335], [-0.008361, -0.0054375, 0.007249, 0.0019665, 0.0021035, 0.0016605, -0.000761, -0.003329, 0.004657, -0.000997, 0.0069045, -0.0038845, -0.0026855, 0.002505, 0.006734, 0.0018685, 0.00198, 0.000162]]], "(-2, -1, 2)": [[[0.005002, 0.001902, 0.014107, -0.016739, 0.008975, -0.012288, -0.019106, -0.039625, -0.00581, -0.008232, 0.001512, 0.007994, 0.013603, -0.004457, -0.030189, -0.007886, 0.019147, -0.051941], [0.009959, -0.013975, -0.004652, 0.014744, -0.017022, 0.010023, -0.010591, 0.008217, -0.005154, -0.005021, 0.003042, -0.017739, -0.047063, 0.029308, -0.001868, 0.010946, -0.013058, 0.01035], [0.016755, -0.014152, -0.020338, -0.024566, 0.015382, -0.001051, -0.001845, -0.004395, 0.019205, -0.015925, 0.021023, 0.020748, 0.070457, -0.010083, 0.019381, 0.000546, -0.013795, -0.04207], [-0.045012, -0.040774, 0.015893, -0.000827, 0.012645, -0.015147, -0.013636, -0.028784, 0.03112, -0.024486, 0.000943, -0.001702, -0.018635, 0.032, 0.042965, -0.001058, 0.020719, 0.046641], [-0.03646, 0.009589, 0.01636, 0.006294, 0.029001, 0.00429, -0.005645, 0.001137, 0.018295, -0.026956, -0.019207, 0.022404, 0.041426, -0.021203, -0.037074, -0.004244, 0.017732, -0.08077], [0.011239, 0.012468, 0.007902, -0.000347, 0.015909, 0.028606, -0.014013, -0.007506, 0.017988, -0.028799, 0.004754, 0.002041, 0.013771, 0.020175, -0.008392, 0.012311, -0.009426, -0.033211], [0.004082, -0.03998, -0.006008, -0.020844, 0.018045, -0.03625, 0.009874, -0.015263, -0.003735, 0.010273, 0.015652, -0.027588, -0.013465, 0.000899, 0.036284, 0.007951, 0.00884, -0.01274], [-0.006696, -0.012058, 0.014819, 0.006514, 0.015264, 0.000369, 0.004679, -0.015146, 0.006391, 0.00546, 0.009816, -0.038132, -0.005389, 0.015743, 0.004221, 0.006782, -0.008625, -0.048314], [0.003689, 0.010412, -0.000812, 0.000103, 0.025792, 0.011999, 0.00984, -0.011487, 0.037447, -0.022522, -0.003967, 0.025133, 0.055083, -0.01615, 0.01311, -0.001923, -0.020896, -0.033112], [-0.00334, -0.005356, -0.008097, -0.001998, -0.027428, -0.016085, 0.03012, 0.011504, -0.034847, 0.029651, -0.003394, -0.01226, -0.057906, 0.007754, -0.019402, -0.0057, 0.051441, -0.029845], [0.005497, 0.025071, 0.008778, 0.000287, 0.001178, 0.002933, 0.015647, 0.012873, -0.010384, 0.014261, -0.011134, 0.015523, -0.000824, -0.012594, -0.025963, 0.005506, 0.018187, -0.036937], [-0.038522, 0.010062, -0.018008, 0.021132, -0.037298, 0.014256, -0.038918, -0.002554, -0.030571, 0.044428, 0.012763, 0.002057, 0.004797, -0.012657, -0.011011, -0.01371, -0.020553, 0.086946], [0.028574, 0.051734, -0.026962, 0.004744, -0.003152, 0.05518, 0.019008, 0.043598, -0.021895, 0.010415, -0.026069, 0.018866, -0.051255, 0.040047, 0.019459, 0.016347, -0.01897, 0.099396], [0.018447, -0.003807, 0.01871, 0.012626, 0.035354, 0.014409, -0.02367, -0.019479, 0.015693, 0.004925, 0.013355, -0.019282, 0.009425, 0.010194, -0.012489, 0.001571, 0.01119, -0.0242], [0.022895, -0.010661, 0.004034, -0.04166, 0.023653, -0.007836, 0.00029, 0.0069, 0.010745, -0.007095, 0.019172, 0.006926, 0.00017, -0.006247, 0.020973, 0.019814, -0.007025, 0.048491], [0.023226, 0.002582, 0.012692, -0.017975, 0.023722, 0.020691, -0.014518, 0.002797, 0.025237, -0.004398, 0.02478, -0.0038, 0.033196, 0.0111, -0.015607, 0.021431, -0.015388, -0.018556], [0.008614, -0.010294, 0.013171, 0.043501, 0.000736, -0.007371, -0.007648, -0.009753, -0.010193, 0.025961, 0.002878, -0.020198, -0.014753, 0.006364, -0.010328, -0.016674, 0.026366, -0.006471], [0.043373, 0.000712, -0.014199, -0.020084, 0.003931, 0.012397, 0.000641, 0.013027, 0.017705, 0.011524, 0.038146, -0.020907, 0.033062, 0.011197, -0.027518, 0.006547, 0.013943, -0.0369]], [[0.004469, 0.009879, -0.003057, 0.005744, -0.009658, 0.00716, -0.004696, -7.3e-05, -0.003004, -0.00133, -0.005873, 0.002772, -0.005303, 0.000675, -0.005125, -0.001163, -0.002622, 0.015299], [-0.005993, -0.000863, 0.003365, 0.001336, -0.008168, -0.005441, -0.004025, -0.005715, -0.002129, 0.003668, 0.003696, 0.000342, -0.013939, -0.002713, -0.002229, 0.004054, 0.000622, -0.011004], [-0.000764, -0.001891, 0.005794, -0.002459, 0.006832, 0.006787, 0.003366, 0.01167, 0.000868, -0.000132, -0.004079, 0.000564, -0.015875, -0.001397, 0.014343, -0.002127, 0.001934, -0.006496], [-0.025635, -0.006361, 0.000682, -0.000825, -0.00309, -0.001947, -0.001082, 0.001873, 0.00412, 0.000297, -0.000611, -0.00505, -0.011198, -0.003752, 0.01308, 0.007132, -0.00066, -0.006026], [-0.003995, 0.005609, -0.006456, 0.000719, -0.005265, 0.005668, -0.003823, -0.012598, -0.001249, 0.007662, -0.011608, -0.000199, 0.00304, -0.013383, -0.008115, -0.021454, -0.000581, -0.008356], [-0.011129, 0.002657, -0.001409, -0.001994, -0.008986, 0.0005, -0.004538, -0.002016, -0.000351, 0.001949, -0.003922, 0.006218, -0.00169, -0.013217, -0.007187, 0.004918, -0.010489, 0.001403], [0.001569, 0.009949, 0.011311, 0.01009, -0.000925, 0.006851, -0.001786, -0.007621, 0.000507, -0.006442, -0.00802, 0.00386, -0.007974, -0.001738, -0.003767, -0.010116, -0.001519, -0.017226], [-0.008357, -0.001815, 0.00583, -0.000143, -0.005875, 0.002418, 0.007225, -0.001607, 0.002699, -0.000577, -0.004069, 0.011429, -0.013975, 0.002203, -0.002977, -0.000513, -0.00299, -0.011796], [-0.004617, -0.003454, -0.002788, -0.005507, 0.005554, 0.001731, -0.000137, 0.00158, 0.001875, 0.001733, -0.003458, 0.000547, 0.01207, -0.001526, 0.003307, 0.002657, -0.0088, 0.009875], [-0.003948, 0.003965, 0.007762, 0.003496, -0.002923, 0.006045, 0.014163, 0.004458, -0.006784, -0.003211, -0.007089, -0.001984, -0.018595, 0.00262, -0.015869, -0.002661, 0.022757, -0.002636], [0.001946, -0.001753, -0.001992, 0.00121, 0.005433, 0.003909, 0.008425, 0.007729, -0.002672, 0.002864, -0.00443, -0.003389, 0.00198, 0.009406, -0.00736, -0.004476, 0.008172, 0.019706], [0.0028, 0.004669, 0.00697, -0.003358, 0.012147, 0.00189, 0.021566, 0.023833, -0.008621, -0.022773, -0.021592, -0.004738, -0.001417, 0.006303, -0.006442, 0.003296, 0.006277, -0.013045], [-0.00474, -0.025578, -0.008989, -0.007129, 0.006226, -0.000772, -0.018178, -0.019483, 0.022446, -0.00257, 0.023916, -0.000971, 0.0107, -0.006414, -0.004718, 0.005671, -2.4e-05, -0.008652], [0.002671, 0.000963, 0.006813, 0.001153, -0.000752, 0.015908, 0.003272, 0.003604, 0.00682, -0.004355, -0.008607, 0.007239, -0.009489, 0.003022, -0.009352, -0.000977, -0.003774, -0.004224], [0.007815, 0.006494, 0.001106, 0.017335, 0.0028, 0.004668, -0.002394, -0.004879, -0.003373, 0.00295, -0.004445, -0.002234, -0.004552, 0.000424, 0.000541, -0.010817, 0.004414, -0.006355], [0.003971, -0.003548, -0.005991, -0.004023, 0.006338, -0.00486, 0.011906, 0.001406, -0.006609, 0.007608, 0.001513, 0.001342, -0.002777, -0.000537, 0.01115, -0.000778, -0.002838, 0.000454], [-0.00339, 0.001267, 0.005901, -0.001433, -0.003625, 0.012916, 0.003813, 0.006627, 0.007997, -0.015369, -0.012221, 0.002162, 0.001262, 0.001732, -0.007505, -0.000137, -0.004019, -0.00874], [-0.005213, -0.014323, -0.008701, 0.001912, 0.00125, -0.005279, -0.015428, -0.017879, 0.009159, -0.001697, 0.013975, -0.003456, 0.010598, -0.003693, -0.002476, 0.004515, -0.001078, 0.00062]]], "(-2, 0, 0)": [[[0.086911, -0.001324, 0.021111, -0.0299875, 0.0213085, 0.0259785, 0.01221, -0.0045695, 0.020915, 0.011138, 0.008685, 0.00455, -0.054006, 0.0035475, 0.026653, -0.006797, -0.0256055, -0.0121035], [-0.001324, 0.0094805, 0.0021345, -0.0337725, 0.0107395, 0.003343, -0.033137, -0.012977, 0.0291785, 0.001461, 0.0118555, -0.0003365, -0.0047895, -0.006603, -0.0013045, 0.0134005, -0.0150215, 0.010807], [0.021111, 0.0021345, -0.0060195, -0.000742, -0.0036505, -0.017872, 0.0999975, 0.037344, -0.0247335, 0.022775, -0.0025415, -0.009675, -0.0400865, 0.0092095, 0.035395, -0.0083265, -0.0032885, 0.000929], [-0.0299875, -0.0337725, -0.000742, -0.01237, 0.0077275, 0.0135625, -0.121418, -0.0381945, 0.051665, -0.0078005, 0.029767, -0.0460345, 0.029094, 0.0193755, -0.083531, 0.026231, 0.0295725, 0.001088], [0.0213085, 0.0107395, -0.0036505, 0.0077275, 0.010252, -0.004802, 0.0645505, 0.0228025, -0.0130185, 0.014446, -0.001541, 0.008453, 0.0159045, 0.012861, 0.0162695, -0.035739, 0.0035375, 0.0259455], [0.0259785, 0.003343, -0.017872, 0.0135625, -0.004802, 0.0158675, 0.024498, 0.000957, -0.023312, 0.014593, 0.0166955, -0.0294165, -0.02544, -0.006549, 0.0143125, -0.014477, -0.005291, -0.0114175], [0.01221, -0.033137, 0.0999975, -0.121418, 0.0645505, 0.024498, -0.023178, -0.008911, 0.1095185, -0.0390815, 0.0168035, -0.055492, -0.0017375, -0.001231, 0.0051775, 0.048776, -0.0102425, -2.6e-05], [-0.0045695, -0.012977, 0.037344, -0.0381945, 0.0228025, 0.000957, -0.008911, -0.0043435, 0.04869, -0.001159, 0.0105785, -0.0095205, -0.0024695, 0.01619, -0.0022135, -0.012368, 0.0203195, -0.003217], [0.020915, 0.0291785, -0.0247335, 0.051665, -0.0130185, -0.023312, 0.1095185, 0.04869, -0.0783895, 0.0060405, 0.0051795, -0.005414, -0.014979, -0.0230105, 0.048079, -0.0257845, 0.0065515, -0.0078095], [0.011138, 0.001461, 0.022775, -0.0078005, 0.014446, 0.014593, -0.0390815, -0.001159, 0.0060405, -0.0115305, 0.0012015, 0.0336765, 0.007879, 0.0069505, -0.0084735, 0.0471275, -0.0112845, 0.0019225], [0.008685, 0.0118555, -0.0025415, 0.029767, -0.001541, 0.0166955, 0.0168035, 0.0105785, 0.0051795, 0.0012015, 0.002996, -0.011772, 0.0464135, -0.003365, -0.016788, -0.0313455, 0.0109235, -0.019105], [0.00455, -0.0003365, -0.009675, -0.0460345, 0.008453, -0.0294165, -0.055492, -0.0095205, -0.005414, 0.0336765, -0.011772, 0.137753, -0.0347725, -0.007034, 0.004257, -0.0482765, 0.0018785, 0.015402], [-0.054006, -0.0047895, -0.0400865, 0.029094, 0.0159045, -0.02544, -0.0017375, -0.0024695, -0.014979, 0.007879, 0.0464135, -0.0347725, 0.0587955, -0.0268405, -0.01678, 0.012847, 0.023355, -0.032196], [0.0035475, -0.006603, 0.0092095, 0.0193755, 0.012861, -0.006549, -0.001231, 0.01619, -0.0230105, 0.0069505, -0.003365, -0.007034, -0.0268405, 0.022527, -0.0076385, -0.006024, 0.0332205, -0.0051675], [0.026653, -0.0013045, 0.035395, -0.083531, 0.0162695, 0.0143125, 0.0051775, -0.0022135, 0.048079, -0.0084735, -0.016788, 0.004257, -0.01678, -0.0076385, -0.0017285, -0.014954, -0.009646, 0.003101], [-0.006797, 0.0134005, -0.0083265, 0.026231, -0.035739, -0.014477, 0.048776, -0.012368, -0.0257845, 0.0471275, -0.0313455, -0.0482765, 0.012847, -0.006024, -0.014954, -0.1122235, 0.025664, -0.013002], [-0.0256055, -0.0150215, -0.0032885, 0.0295725, 0.0035375, -0.005291, -0.0102425, 0.0203195, 0.0065515, -0.0112845, 0.0109235, 0.0018785, 0.023355, 0.0332205, -0.009646, 0.025664, 0.023443, 0.004125], [-0.0121035, 0.010807, 0.000929, 0.001088, 0.0259455, -0.0114175, -2.6e-05, -0.003217, -0.0078095, 0.0019225, -0.019105, 0.015402, -0.032196, -0.0051675, 0.003101, -0.013002, 0.004125, 0.0865065]], [[0.0, 0.001969, 0.00126, 0.0084305, -0.006372, -0.0029545, -0.0032265, -0.0029515, -0.008928, -0.006242, -0.0050085, -0.001588, -0.0015755, -0.005476, 0.0043015, 0.0010345, -0.000195, 0.001253], [-0.001969, 0.0, -0.0023315, 0.008833, -0.0049305, -0.0005365, -0.001787, 0.0027945, 0.000394, -0.0001205, -0.001521, -0.0082315, -0.00072, -0.0002495, -0.002859, -0.0022095, -0.000934, 0.0012015], [-0.00126, 0.0023315, 0.0, 0.001906, -0.0033675, 0.0082685, 0.018059, 0.006162, 0.006389, -0.0101245, -0.006683, 0.004755, -0.0030215, 0.0027085, 0.002414, -0.0018895, -0.0049055, -0.008282], [-0.0084305, -0.008833, -0.001906, 0.0, -0.005076, -0.0076185, -0.013669, -0.0104785, 0.0027615, 0.0155015, -8.7e-05, -0.003322, 0.0003805, -0.0008315, -0.014897, -0.0057865, 0.003063, -0.003541], [0.006372, 0.0049305, 0.0033675, 0.005076, 0.0, 0.002246, 0.00491, -0.0071265, -0.0029685, -0.00531, -0.005445, 0.0028425, -0.003146, -0.0066375, -0.0009105, -0.014517, -0.0026515, -0.006405], [0.0029545, 0.0005365, -0.0082685, 0.0076185, -0.002246, 0.0, 0.0060205, -0.002687, 0.0005805, -0.000927, -0.0043435, -0.0053605, 0.0035505, -0.0030965, 0.0027855, -0.0122945, -0.0017405, 0.0033675], [0.0032265, 0.001787, -0.018059, 0.013669, -0.00491, -0.0060205, 0.0, 0.004586, -0.021898, 0.0195675, 0.002916, -0.003481, -0.0003735, 0.003652, 0.0002105, 0.000928, 0.0027975, 0.005371], [0.0029515, -0.0027945, -0.006162, 0.0104785, 0.0071265, 0.002687, -0.004586, 0.0, -0.0004285, -0.003704, 0.00343, -0.0099635, 0.00349, 0.000719, 0.0007095, -0.0037545, -0.0002695, 0.000104], [0.008928, -0.000394, -0.006389, -0.0027615, 0.0029685, -0.0005805, 0.021898, 0.0004285, 0.0, 0.000371, 0.0026975, -0.0039475, 0.001336, 0.0009325, 0.0156075, -0.0040825, -0.000592, -0.0012565], [0.006242, 0.0001205, 0.0101245, -0.0155015, 0.00531, 0.000927, -0.0195675, 0.003704, -0.000371, 0.0, 0.0029825, 0.019682, 0.0019185, 0.0054825, -0.003808, 0.0324275, -0.0011525, 0.0013455], [0.0050085, 0.001521, 0.006683, 8.7e-05, 0.005445, 0.0043435, -0.002916, -0.00343, -0.0026975, -0.0029825, 0.0, -0.004634, 0.0016325, 0.001606, -0.004971, -0.0024315, 0.0027435, -0.0035285], [0.001588, 0.0082315, -0.004755, 0.003322, -0.0028425, 0.0053605, 0.003481, 0.0099635, 0.0039475, -0.019682, 0.004634, 0.0, 0.003411, 0.0028415, 0.007435, 0.002338, -0.007753, -0.0024775], [0.0015755, 0.00072, 0.0030215, -0.0003805, 0.003146, -0.0035505, 0.0003735, -0.00349, -0.001336, -0.0019185, -0.0016325, -0.003411, 0.0, 0.000347, 0.002217, -0.0018605, -0.003189, 0.01145], [0.005476, 0.0002495, -0.0027085, 0.0008315, 0.0066375, 0.0030965, -0.003652, -0.000719, -0.0009325, -0.0054825, -0.001606, -0.0028415, -0.000347, 0.0, -0.0010275, -0.002779, 0.003106, -0.0004025], [-0.0043015, 0.002859, -0.002414, 0.014897, 0.0009105, -0.0027855, -0.0002105, -0.0007095, -0.0156075, 0.003808, 0.004971, -0.007435, -0.002217, 0.0010275, 0.0, 0.0002545, 0.0008, -0.0023535], [-0.0010345, 0.0022095, 0.0018895, 0.0057865, 0.014517, 0.0122945, -0.000928, 0.0037545, 0.0040825, -0.0324275, 0.0024315, -0.002338, 0.0018605, 0.002779, -0.0002545, 0.0, -0.005307, -0.0008625], [0.000195, 0.000934, 0.0049055, -0.003063, 0.0026515, 0.0017405, -0.0027975, 0.0002695, 0.000592, 0.0011525, -0.0027435, 0.007753, 0.003189, -0.003106, -0.0008, 0.005307, 0.0, -0.0008945], [-0.001253, -0.0012015, 0.008282, 0.003541, 0.006405, -0.0033675, -0.005371, -0.000104, 0.0012565, -0.0013455, 0.0035285, 0.0024775, -0.01145, 0.0004025, 0.0023535, 0.0008625, 0.0008945, 0.0]]], "(-2, 0, 1)": [[[-0.053199, -0.019825, 0.000747, 0.01011, 0.017277, -0.027014, -0.009586, -0.014053, 0.01374, 0.007923, 0.017601, 0.018354, 0.063365, -0.015117, 0.038777, -0.000406, 0.003376, 0.058342], [0.02339, -0.000708, -0.0347, -0.028177, -0.006061, -0.032685, 0.086836, 0.013219, 0.009914, 0.036014, 0.014874, -0.007292, 0.040503, 0.023261, 0.005942, -0.014858, 0.01719, -0.003363], [-0.133554, -0.078712, -0.051422, -0.016574, 0.026797, -0.055762, -0.014147, -0.128373, -0.016487, -0.014384, -0.008593, 0.01703, 0.110853, -0.118595, 0.038889, 0.03122, -0.057791, 0.024905], [0.168435, -0.030981, 0.063033, 0.050459, -0.025021, -0.00411, 0.091988, 0.124362, -0.027369, 0.044413, -0.011512, 0.030759, -0.290244, 0.032101, -0.123256, 0.065556, 0.071105, 0.013123], [0.002905, 0.019589, -0.014379, 0.004391, 0.024739, 0.005205, -0.080818, -0.074443, -0.010466, -0.025316, 0.00025, -0.004621, 0.040264, -0.05412, 0.020871, -0.017525, -0.050809, -0.025315], [-0.051903, -0.024291, -0.034332, -0.005707, 0.012441, -0.040396, -0.022608, -0.014385, 0.00395, 0.019909, 0.02241, -0.001452, 0.056088, -0.011724, -0.021114, 0.007662, -0.017231, 0.036385], [0.014786, 0.021799, 0.012991, -0.029255, 0.017435, 0.004366, 0.035901, -0.003278, 0.003682, -0.017087, -0.035442, 0.03036, -0.034363, 0.023936, 0.020768, -0.006059, 0.012608, 0.009511], [0.006376, -0.006451, -0.045955, -0.011289, 0.003716, -0.038639, 0.067465, -0.017537, -0.002238, 0.033225, 0.031188, 0.008174, 0.052886, -7.4e-05, 0.019959, -0.024427, 0.013214, 0.066847], [0.035848, 0.006467, -0.024824, -0.010692, 0.025055, 0.048573, -0.03922, 0.020041, -0.000988, -0.057161, -0.003479, 0.029885, 0.127368, -0.015211, -0.060973, 0.085504, -0.017511, 1.4e-05], [-0.012297, 0.019275, 0.042983, 0.013484, -0.016277, -0.002827, 0.042982, 0.08214, 0.002656, -0.015716, -0.01534, 0.029488, -0.032751, 0.031017, -0.007591, -0.018632, 0.047912, 0.011419], [0.015903, 0.022561, 0.00613, 0.017876, 0.000269, 0.028568, 0.019551, 0.074529, -0.004533, -0.023118, 0.000292, 0.022973, 0.012315, 0.014753, -0.037793, 0.006518, 0.043416, 0.025387], [-0.060245, 0.011062, 0.013743, -0.026424, -0.106056, -0.070314, 0.004403, -0.045988, -0.026617, 0.049582, 0.010503, 0.063611, 0.298568, -0.049774, 0.080456, -0.047557, -0.004729, -0.027325], [0.063949, 0.049652, -0.013397, -0.044966, -0.021701, 0.023205, -0.028254, 0.015167, -0.000444, -0.043599, -0.008169, 0.016318, 0.055833, 0.075546, -0.029831, 0.008682, 0.037171, 0.072131], [0.007046, 0.027428, -0.000719, 0.014557, -0.00847, 0.012343, 0.103246, 0.051911, -0.022914, 0.013932, -0.004377, -0.03585, 0.046532, 0.002258, -0.002158, -0.009011, 0.024574, 0.017022], [0.003037, 0.012209, 0.014018, 0.014365, 0.017815, 0.021795, 0.030612, -0.019448, -0.009417, -0.012937, -0.028504, -0.056485, -0.0187, -0.013971, 0.054897, -0.001832, -0.029202, -0.029222], [0.009687, -0.000799, -0.014738, 0.016075, 0.019263, -0.002256, 0.001137, -0.030106, -0.024778, 0.004758, 0.00044, -0.033079, -0.056356, -0.036893, 0.049128, -0.011562, -0.051521, -0.010468], [0.00175, -0.008728, 0.018387, 0.001936, -0.002344, 0.01413, 0.006056, 0.017199, -0.002473, 0.014554, 0.012082, 0.000256, -0.025666, 0.013027, -0.033399, 0.00774, 0.03544, -0.038829], [0.085763, 0.032806, -0.039711, -0.010673, -0.024144, -0.014046, 0.132465, -0.038814, -0.007257, 0.054028, -0.032431, -0.01514, -0.028459, -0.026778, 0.014299, -0.113186, 0.01046, 0.065498]], [[-0.001662, 0.007284, -0.00765, 0.005375, -0.016332, -0.006711, -0.007864, -0.010993, -0.008085, 0.005815, -0.007528, -0.006531, -0.002201, -0.007413, 0.004327, -0.016072, -0.005627, -0.031401], [-0.001946, -0.001914, -0.00645, 0.008047, -0.011984, -0.008474, 0.010058, 0.00709, -0.000209, -0.011519, -0.000463, 0.003647, -0.003588, -0.001026, 0.006518, 0.001745, 0.000384, 0.004805], [-0.027949, 0.007136, 0.008848, -0.002095, 0.009017, 0.01705, 0.011984, 0.015662, 0.000712, -0.00299, -0.00862, -0.002661, -0.010475, 0.008475, 0.018785, -0.009645, -0.00559, -0.011414], [0.011294, -0.00684, -0.002102, -0.008468, -0.007016, 0.003182, 0.008131, 0.013062, 0.003068, -0.012953, 0.010355, 0.004783, -0.036115, -0.00405, -0.014953, 0.018197, -0.000942, 0.006343], [0.007647, 0.007062, -0.006681, 0.00541, -0.00366, 0.005473, -0.013396, -0.018971, -0.006836, 0.009414, -0.012372, -0.004891, -0.005418, -0.011622, 0.005395, -0.025735, -0.007251, -0.005335], [-0.004213, 0.005814, -0.010485, 0.003053, -0.010481, 0.000326, -0.010695, -0.016066, -0.001137, -0.007763, -0.003403, 0.018111, -0.002856, -0.007103, 0.009343, -0.013562, -0.006616, 0.002229], [-0.002963, -0.000128, 0.002068, 0.014268, 0.001682, 0.006323, -0.00288, 0.003346, 0.005558, 0.000329, 9.6e-05, -0.006544, -0.002385, -0.009879, -0.011349, -0.000124, -0.005616, -0.00686], [-0.007631, -0.006177, 0.001724, 0.010388, -0.001225, 0.009712, 0.000627, -0.0017, 0.011842, -0.020969, -0.006887, 0.014921, -0.009101, 0.001353, -0.002201, -0.000907, -0.007493, -0.022086], [0.003284, 0.001407, -0.005202, -0.001943, 0.008221, 0.010568, -0.019442, -0.006825, 0.007455, 0.010002, 0.010707, 0.009375, 0.029266, 0.008008, -0.012144, 0.008427, 0.003594, 0.005256], [0.002829, 0.004876, 0.031608, -0.000448, 0.001426, 0.002507, 0.005886, 0.035381, 0.002375, -0.003126, -0.007623, 0.005566, -0.026004, 0.005664, -0.013003, 0.011463, 0.014753, -0.00969], [0.019239, 0.004568, 0.006735, 0.000426, 0.006276, 0.008386, -0.002608, 0.008342, -0.002361, 0.007132, 0.000922, -0.000146, -0.008383, 0.015837, -0.014301, 0.001973, 0.018211, -0.014748], [0.004474, 0.0087, 0.021313, 0.012186, 0.017659, 0.026412, 0.015901, 0.043665, 0.008034, -0.053224, -0.022313, 0.001971, 0.022634, 0.019905, -0.010979, 0.016208, 0.003684, -0.001318], [0.022701, 0.001487, -0.016252, 0.004701, 0.008215, -0.009333, -0.002008, -0.011999, -0.003487, 0.024004, 0.01191, -0.004068, 0.012181, -0.006249, -0.000601, -0.000642, 0.006362, -0.004805], [0.003476, 0.005049, 0.004574, 0.001934, 0.003469, 0.010495, 0.021132, 0.007385, 0.001945, -0.004546, -0.009094, 0.004981, -0.005209, 0.006635, -0.009607, -0.004439, 0.001085, -0.015859], [0.002846, -0.001192, -0.002716, 0.002563, 0.005643, 0.001519, -0.001981, -0.00172, 0.001304, 0.003738, 0.004288, -0.002808, -0.001976, 0.002306, -0.008557, -0.00767, 0.007419, 0.004979], [0.002453, 0.00354, 0.00527, 0.001562, 0.012339, 0.014962, 0.006052, 0.001045, 0.002804, -0.011292, -0.004049, 0.009978, 0.001439, 0.00819, 0.009751, -0.005875, -0.002106, 0.000605], [0.001891, 0.000721, 0.008297, -0.005758, -0.002482, 0.000983, 0.001733, 0.006938, 0.002159, -0.005404, -0.009061, 0.00174, -0.001991, 0.001068, -0.010043, 0.006994, -0.003398, -0.004675], [0.00947, -0.007129, -0.012442, 0.00737, -0.003076, -0.013012, 0.004344, -0.042844, 0.000307, -0.010327, 0.005052, -0.005685, 0.004936, -0.013268, 0.020971, -0.023964, -0.009314, 0.002901]]], "(-2, 0, 2)": [[[0.0816935, 0.0069915, -0.0128865, -0.0181065, -0.0006815, 0.014774, 0.0218085, 0.032584, -0.0067855, 0.01488, 0.0225995, -0.021853, -0.0329405, -0.013229, 0.0074055, 0.0033085, -0.0374945, 0.0144225], [0.0069915, 0.0062185, 0.0042875, -0.0126405, 0.0096485, 0.0004865, 0.0145885, -0.0127375, 0.010479, 0.0013355, 0.006523, 0.0008835, 0.0143315, -0.0169165, 0.020023, 0.0051545, -0.023922, -0.0201625], [-0.0128865, 0.0042875, -0.091701, -0.0086845, -0.011556, -0.0105085, 0.0024755, -0.024504, -0.001447, 0.0130585, 0.0167145, -0.008453, 0.0208905, -0.0102525, 0.0024245, -0.011025, 0.001459, -0.006277], [-0.0181065, -0.0126405, -0.0086845, -0.002151, 0.020668, -0.0005595, -0.000347, -0.0136145, 0.004194, 0.0078535, 0.002238, -0.0196425, 0.0177015, -0.0005645, 0.004509, -0.002343, -0.00073, -0.001945], [-0.0006815, 0.0096485, -0.011556, 0.020668, -0.0055645, 0.0043115, 0.0077385, 0.0099835, 0.0067945, 0.0003205, 0.00614, -0.0122685, 0.0146835, 0.006309, -0.0034655, -0.004318, 0.0065595, -0.021782], [0.014774, 0.0004865, -0.0105085, -0.0005595, 0.0043115, 0.009635, -0.014584, -0.013674, 0.008216, 0.00262, 0.0105695, -0.0024345, -0.001665, -0.005265, 0.0126395, -0.0043775, -0.025366, 0.024847], [0.0218085, 0.0145885, 0.0024755, -0.000347, 0.0077385, -0.014584, -0.001662, -0.0358125, -0.0011975, 0.006491, 0.0016515, -0.0153155, 0.005075, 0.010049, 0.025868, -0.0251325, -0.0079715, -0.002321], [0.032584, -0.0127375, -0.024504, -0.0136145, 0.0099835, -0.013674, -0.0358125, -0.081907, 0.009995, 0.0066235, 0.013895, -0.000194, 0.0131945, -0.024241, 0.0352515, -0.029277, -0.022692, -0.011707], [-0.0067855, 0.010479, -0.001447, 0.004194, 0.0067945, 0.008216, -0.0011975, 0.009995, 0.007716, -0.0126125, -0.0004045, -0.0170875, 0.03093, 0.0023955, -0.0104255, -0.01452, 0.0030065, 0.02219], [0.01488, 0.0013355, 0.0130585, 0.0078535, 0.0003205, 0.00262, 0.006491, 0.0066235, -0.0126125, 0.012725, -0.00162, 0.010631, 0.009824, -0.0073745, -0.00188, 0.003946, -0.0036935, 0.0117375], [0.0225995, 0.006523, 0.0167145, 0.002238, 0.00614, 0.0105695, 0.0016515, 0.013895, -0.0004045, -0.00162, 0.00459, -0.001848, 0.043099, -0.004363, -0.013026, -0.009842, -0.0005345, 0.0230075], [-0.021853, 0.0008835, -0.008453, -0.0196425, -0.0122685, -0.0024345, -0.0153155, -0.000194, -0.0170875, 0.010631, -0.001848, 0.0634705, 0.0168765, 0.0191345, -0.003527, 0.007011, 0.0152215, -0.007176], [-0.0329405, 0.0143315, 0.0208905, 0.0177015, 0.0146835, -0.001665, 0.005075, 0.0131945, 0.03093, 0.009824, 0.043099, 0.0168765, 0.071129, 0.045127, 0.002236, -0.0118915, -0.004242, 0.0450785], [-0.013229, -0.0169165, -0.0102525, -0.0005645, 0.006309, -0.005265, 0.010049, -0.024241, 0.0023955, -0.0073745, -0.004363, 0.0191345, 0.045127, -0.0273625, 0.006402, -0.008297, -0.005887, 0.0355865], [0.0074055, 0.020023, 0.0024245, 0.004509, -0.0034655, 0.0126395, 0.025868, 0.0352515, -0.0104255, -0.00188, -0.013026, -0.003527, 0.002236, 0.006402, 0.0002235, 0.0092515, -0.011169, 0.055278], [0.0033085, 0.0051545, -0.011025, -0.002343, -0.004318, -0.0043775, -0.0251325, -0.029277, -0.01452, 0.003946, -0.009842, 0.007011, -0.0118915, -0.008297, 0.0092515, -0.010153, -0.0102055, 0.006236], [-0.0374945, -0.023922, 0.001459, -0.00073, 0.0065595, -0.025366, -0.0079715, -0.022692, 0.0030065, -0.0036935, -0.0005345, 0.0152215, -0.004242, -0.005887, -0.011169, -0.0102055, 0.0457625, -0.0341385], [0.0144225, -0.0201625, -0.006277, -0.001945, -0.021782, 0.024847, -0.002321, -0.011707, 0.02219, 0.0117375, 0.0230075, -0.007176, 0.0450785, 0.0355865, 0.055278, 0.006236, -0.0341385, 0.122088]], [[0.0, 0.0075315, 0.00207, 0.0125615, -0.004527, 0.0018175, -0.003603, -0.0019455, -0.0017715, -0.0082505, -0.007761, 0.002908, -0.0034275, 0.002731, -0.0017205, -0.0055135, 0.002349, -0.0015375], [-0.0075315, 0.0, -0.003088, 0.002876, -0.0039295, -0.000781, 0.001204, 0.0049975, 0.001583, -0.0008445, -0.0006065, -0.001064, -0.0034845, -0.000841, 0.000685, 0.0005035, -0.0018225, 0.00744], [-0.00207, 0.003088, -0.0, 0.0039375, 0.008124, 0.003589, 0.001009, 0.0021295, -0.002134, -0.0073695, -0.01044, -0.00864, -0.0002895, -0.0042275, 0.0016505, -0.0002465, -0.005533, 0.01338], [-0.0125615, -0.002876, -0.0039375, -0.0, 0.000138, -0.0002965, -0.0024315, -0.00156, 0.002836, -0.0032635, -0.000747, -0.0012185, 0.0022035, -0.0019075, -0.0022125, 0.004453, -0.000936, 0.000116], [0.004527, 0.0039295, -0.008124, -0.000138, -0.0, 0.003231, 0.0017865, -0.003841, -0.0028195, 0.0008985, -0.0041135, -0.0067245, 0.004